Adobe After Effects 8.0 Keyframe Data

	Units Per Second	29.97
	Source Width	1920
	Source Height	1080
	Source Pixel Aspect Ratio	1
	Comp Pixel Aspect Ratio	1

Motion Trackers	Tracker #1	Track Point #1	Feature Center
	Frame	X pixels	Y pixels	
	0	1132.000	1028.000	
	1	1129.982	1024.114	
	2	1128.546	1020.984	
	3	1127.210	1017.442	
	4	1125.944	1013.159	
	5	1125.548	1008.654	
	6	1124.588	1003.795	
	7	1123.823	998.254	
	8	1124.481	992.707	
	9	1126.634	987.082	
	10	1128.890	980.242	
	11	1131.389	971.801	
	12	1133.729	962.707	
	13	1135.005	953.725	
	14	1136.596	946.050	
	15	1137.964	938.959	
	16	1139.362	934.326	
	17	1140.822	930.343	
	18	1141.306	927.072	
	19	1141.319	923.586	
	20	1141.057	920.061	
	21	1140.275	915.714	
	22	1139.703	911.331	
	23	1138.950	906.459	
	24	1137.109	901.226	
	25	1135.316	895.793	
	26	1132.855	889.678	
	27	1130.612	882.404	
	28	1128.159	873.888	
	29	1125.511	865.107	
	30	1123.150	856.660	
	31	1120.884	849.894	
	32	1119.478	845.350	
	33	1118.117	841.445	
	34	1117.075	837.973	
	35	1115.971	835.103	
	36	1114.670	831.767	
	37	1113.549	828.099	
	38	1112.547	823.821	
	39	1111.070	818.661	
	40	1109.841	813.332	
	41	1108.440	807.448	
	42	1107.469	800.663	
	43	1107.422	793.671	
	44	1107.458	785.902	
	45	1107.647	778.636	
	46	1107.867	772.580	
	47	1108.305	766.951	
	48	1108.302	762.954	
	49	1108.193	759.782	
	50	1108.463	756.973	
	51	1108.791	753.980	
	52	1109.714	751.115	
	53	1110.456	747.620	
	54	1110.811	743.633	
	55	1110.787	739.109	
	56	1110.433	733.457	
	57	1108.877	726.607	
	58	1107.623	719.129	
	59	1105.745	711.412	
	60	1104.298	704.470	
	61	1102.359	698.291	
	62	1100.495	693.748	
	63	1098.186	690.360	
	64	1095.867	687.759	
	65	1093.437	685.227	
	66	1090.901	682.690	
	67	1088.585	679.849	
	68	1086.398	676.318	
	69	1084.620	671.960	
	70	1082.468	666.915	
	71	1080.590	661.648	
	72	1079.215	655.627	
	73	1078.135	648.853	
	74	1077.889	642.308	
	75	1077.942	636.078	
	76	1078.307	630.794	
	77	1078.569	626.379	
	78	1078.796	623.474	
	79	1078.509	620.958	
	80	1078.319	618.993	
	81	1078.260	616.733	
	82	1078.175	614.367	
	83	1078.232	611.250	
	84	1077.870	607.547	
	85	1076.838	602.623	
	86	1074.886	597.483	
	87	1072.824	591.012	
	88	1070.721	583.998	
	89	1068.743	577.639	
	90	1066.636	571.667	
	91	1064.808	567.191	
	92	1062.602	564.039	
	93	1060.430	561.458	
	94	1058.201	559.577	
	95	1056.033	557.431	
	96	1054.336	554.560	
	97	1052.767	551.398	
	98	1051.747	547.660	
	99	1050.399	543.241	
	100	1049.821	538.341	
	101	1049.670	532.937	
	102	1050.089	526.914	
	103	1050.442	520.714	
	104	1051.004	515.370	
	105	1051.405	510.915	
	106	1051.461	507.615	
	107	1052.047	505.114	
	108	1052.474	503.270	
	109	1052.847	501.532	
	110	1052.486	499.650	
	111	1052.963	496.886	
	112	1053.021	493.830	
	113	1053.377	489.827	
	114	1053.672	485.428	
	115	1053.535	481.153	
	116	1052.831	476.285	
	117	1051.680	471.108	
	118	1049.901	465.178	
	119	1046.594	458.916	
	120	1042.494	453.127	
	121	1038.949	448.471	
	122	1036.823	445.982	
	123	1035.856	445.474	
	124	1035.597	446.256	
	125	1035.309	446.735	
	126	1034.426	446.603	
	127	1033.336	446.103	
	128	1032.298	446.329	
	129	1031.604	446.581	
	130	1031.137	446.133	
	131	1030.905	444.596	
	132	1030.305	441.720	
	133	1029.541	437.493	
	134	1028.228	433.002	
	135	1026.202	428.576	
	136	1024.504	425.458	
	137	1022.928	423.676	
	138	1021.657	423.122	
	139	1020.679	423.476	
	140	1019.791	424.343	
	141	1018.977	425.844	
	142	1018.208	427.144	
	143	1016.769	428.128	
	144	1015.466	429.075	
	145	1013.801	429.562	
	146	1013.056	430.050	
	147	1012.852	430.104	
	148	1013.115	430.104	
	149	1014.154	430.359	
	150	1015.658	430.878	
	151	1017.423	431.631	
	152	1019.541	433.257	
	153	1021.425	435.509	
	154	1023.004	438.286	
	155	1023.970	440.578	
	156	1024.528	441.766	
	157	1024.717	442.135	
	158	1024.907	441.856	
	159	1024.638	441.723	
	160	1024.634	441.967	
	161	1024.810	443.091	
	162	1024.689	445.055	
	163	1024.392	447.489	
	164	1023.638	450.505	
	165	1023.085	453.272	
	166	1022.048	454.771	
	167	1021.143	456.370	
	168	1020.329	457.487	
	169	1019.946	458.246	
	170	1019.548	459.457	
	171	1019.471	460.751	
	172	1019.584	462.264	
	173	1019.674	463.402	
	174	1020.376	464.444	
	175	1020.717	465.194	
	176	1021.449	465.851	
	177	1022.256	466.462	
	178	1023.260	466.978	
	179	1024.092	467.765	
	180	1025.449	469.518	
	181	1026.769	472.097	
	182	1027.690	475.251	
	183	1028.382	478.809	
	184	1029.059	482.081	
	185	1029.461	484.643	
	186	1029.870	486.622	
	187	1029.389	487.873	
	188	1029.040	488.575	
	189	1027.840	488.595	
	190	1026.698	487.889	
	191	1025.365	487.053	
	192	1023.504	485.867	
	193	1021.850	484.401	
	194	1020.141	483.239	
	195	1018.211	482.392	
	196	1016.421	482.137	
	197	1015.132	481.902	
	198	1012.729	481.618	
	199	1010.978	481.116	
	200	1009.481	480.521	
	201	1008.439	479.587	
	202	1007.347	478.636	
	203	1007.125	477.716	
	204	1006.687	476.806	
	205	1006.676	476.068	
	206	1006.899	475.556	
	207	1007.105	475.028	
	208	1007.156	474.692	
	209	1006.657	474.410	
	210	1005.754	474.194	
	211	1004.536	473.972	
	212	1003.171	473.990	
	213	1001.665	473.768	
	214	999.922	473.506	
	215	998.218	473.496	
	216	996.456	473.242	
	217	994.513	472.902	
	218	992.286	472.318	
	219	989.959	471.319	
	220	987.309	470.594	
	221	984.467	468.934	
	222	981.025	467.478	
	223	977.134	466.055	
	224	973.263	464.946	
	225	969.092	464.643	
	226	964.946	464.544	
	227	959.680	464.816	
	228	955.096	465.739	
	229	949.546	467.022	
	230	944.064	468.578	
	231	937.570	469.655	
	232	931.668	471.115	
	233	925.455	472.382	
	234	919.086	473.358	
	235	912.656	473.944	
	236	906.319	474.351	
	237	899.668	474.527	
	238	893.162	474.524	
	239	886.913	474.531	
	240	879.957	474.168	
	241	872.947	473.139	
	242	867.013	472.127	
	243	860.686	471.069	
	244	854.223	469.583	
	245	848.057	468.459	
	246	841.958	468.032	
	247	835.926	467.822	
	248	829.653	467.717	
	249	824.375	467.758	
	250	818.629	467.647	
	251	813.656	467.286	
	252	808.864	466.259	
	253	803.248	465.037	
	254	798.230	462.885	
	255	794.400	461.753	
	256	788.932	460.203	
	257	783.453	458.599	
	258	777.711	456.563	
	259	772.693	455.570	
	260	767.206	454.814	
	261	761.316	454.685	
	262	755.194	454.792	
	263	748.704	455.357	
	264	742.760	456.171	
	265	735.514	456.409	
	266	727.545	456.740	
	267	721.425	457.416	
	268	713.956	457.613	
	269	707.813	457.452	
	270	702.049	456.760	
	271	696.944	455.778	
	272	692.059	454.592	
	273	688.737	454.297	
	274	683.779	454.574	
	275	678.547	455.261	
	276	675.886	457.860	
	277	670.698	459.538	
	278	663.207	460.092	
	279	662.039	460.895	
	280	659.083	460.340	
	281	657.856	459.862	
	282	656.665	459.091	
	283	655.974	458.193	
	284	654.500	457.084	
	285	651.908	455.987	
	286	649.179	455.820	
	287	646.174	455.816	
	288	643.620	455.875	
	289	641.383	455.905	
	290	640.729	455.984	
	291	640.457	455.611	
	292	640.850	454.999	
	293	642.106	455.018	
	294	643.786	455.085	
	295	645.306	455.107	
	296	647.444	455.887	
	297	649.358	456.219	
	298	651.292	456.417	
	299	654.248	456.627	
	300	656.995	456.216	
	301	660.274	455.635	
	302	663.201	454.745	
	303	666.293	453.619	
	304	669.369	453.341	
	305	672.516	453.277	
	306	675.543	453.272	
	307	678.553	453.271	
	308	680.999	452.977	
	309	683.797	452.963	
	310	686.662	453.078	
	311	689.213	453.131	
	312	691.559	453.506	
	313	693.564	453.322	
	314	695.665	453.060	
	315	697.373	453.333	
	316	698.897	453.425	
	317	699.891	453.308	
	318	700.462	453.292	
	319	701.192	453.344	
	320	702.065	453.305	
	321	702.986	453.139	
	322	704.148	452.785	
	323	705.828	452.740	
	324	707.596	451.982	
	325	709.636	451.489	
	326	711.925	451.178	
	327	714.653	450.943	
	328	718.136	450.941	
	329	721.821	450.903	
	330	725.895	450.741	
	331	730.409	450.902	
	332	735.571	450.779	
	333	741.012	450.678	
	334	746.384	450.885	
	335	751.815	450.905	
	336	756.820	450.324	
	337	761.406	449.001	
	338	765.465	447.591	
	339	769.918	446.016	
	340	774.979	445.152	
	341	780.022	445.114	
	342	784.527	445.283	
	343	784.527	445.283	
	344	788.591	443.802	
	345	792.397	442.909	
	346	796.322	441.779	
	347	800.301	440.751	
	348	804.198	440.006	
	349	808.406	439.012	
	350	812.158	437.994	
	351	816.098	436.847	
	352	820.060	435.633	
	353	823.432	434.125	
	354	827.808	432.179	
	355	830.485	429.808	
	356	833.696	427.712	
	357	837.557	425.613	
	358	841.571	423.686	
	359	846.006	421.891	
	360	850.897	420.336	
	361	856.205	419.253	
	362	861.590	418.704	
	363	867.093	418.621	
	364	873.046	419.185	
	365	879.560	419.512	
	366	886.491	420.075	
	367	893.957	420.498	
	368	900.758	420.625	
	369	906.503	421.580	
	370	911.334	424.036	
	371	913.222	426.967	
	372	914.105	427.879	
	373	916.549	426.542	
	374	916.549	426.542	
	375	918.421	423.070	
	376	919.284	419.569	
	377	921.451	417.175	
	378	922.302	416.462	
	379	922.714	416.871	
	380	923.286	418.227	
	381	923.549	419.385	
	382	923.729	419.619	
	383	924.291	418.497	
	384	924.452	415.978	
	385	924.356	413.083	
	386	923.031	410.487	
	387	922.185	408.223	
	388	920.042	406.010	
	389	917.575	403.801	
	390	914.991	402.544	
	391	911.238	401.963	
	392	907.794	401.494	
	393	903.847	401.622	
	394	899.529	401.834	
	395	895.353	402.529	
	396	891.135	404.102	
	397	886.813	405.616	
	398	883.532	406.532	
	399	880.136	406.617	
	400	876.178	405.533	
	401	872.332	403.260	
	402	868.023	400.806	
	403	862.708	399.030	
	404	856.411	398.889	
	405	851.145	398.919	
	406	847.569	398.910	
	407	844.292	398.855	
	408	841.199	398.829	
	409	838.616	398.842	
	410	836.476	398.652	
	411	834.618	398.520	
	412	832.831	398.447	
	413	830.870	398.398	
	414	829.092	398.199	
	415	827.841	398.142	
	416	827.080	398.076	
	417	827.055	398.053	
	418	827.328	398.095	
	419	827.746	398.131	
	420	828.371	398.209	
	421	829.140	398.224	
	422	830.436	398.202	
	423	831.775	398.242	
	424	833.429	398.226	
	425	835.329	398.299	
	426	837.592	398.364	
	427	840.222	398.463	
	428	843.216	398.461	
	429	846.327	398.515	
	430	849.689	398.577	
	431	853.047	398.708	
	432	856.727	398.846	
	433	860.100	398.895	
	434	863.444	398.932	
	435	866.578	398.975	
	436	869.970	399.014	
	437	873.872	399.077	
	438	877.955	399.043	
	439	881.819	399.215	
	440	886.309	399.328	
	441	890.703	399.551	
	442	895.710	400.029	
	443	900.626	401.183	
	444	904.107	402.700	
	445	908.371	404.398	
	446	912.748	405.789	
	447	916.821	407.374	
	448	921.095	408.572	
	449	925.929	410.019	
	450	930.559	411.529	
	451	934.189	413.503	
	452	938.126	415.005	
	453	940.731	416.269	
	454	942.782	418.377	
	455	943.757	421.969	
	456	945.291	426.107	
	457	947.366	430.336	
	458	951.224	433.648	
	459	954.705	435.608	
	460	957.720	436.122	
	461	960.918	435.869	
	462	964.436	434.356	
	463	968.265	432.381	
	464	972.340	429.664	
	465	975.762	427.203	
	466	979.124	425.243	
	467	982.113	424.013	
	468	985.156	423.238	
	469	988.354	422.134	
	470	990.966	420.655	
	471	993.180	418.516	
	472	994.861	416.212	
	473	995.967	413.811	
	474	996.556	411.501	
	475	995.900	409.746	
	476	994.788	408.530	
	477	993.009	408.074	
	478	990.539	408.581	
	479	989.490	409.204	
	480	989.155	409.602	
	481	988.752	409.992	
	482	988.131	409.757	
	483	989.014	408.507	
	484	989.799	406.413	
	485	990.710	404.143	
	486	991.767	401.945	
	487	992.583	400.223	
	488	991.736	400.022	
	489	992.397	399.935	
	490	995.098	400.055	
	491	997.260	400.139	
	492	999.525	400.153	
	493	1001.965	400.223	
	494	1004.721	400.445	
	495	1004.721	400.445	
	496	1005.982	398.445	
	497	1007.424	396.697	
	498	1008.212	395.308	
	499	1009.205	394.058	
	500	1010.216	393.554	
	501	1011.001	393.009	
	502	1011.487	393.010	
	503	1012.009	392.873	
	504	1012.302	393.297	
	505	1012.465	393.409	
	506	1012.570	393.547	
	507	1012.528	394.336	
	508	1012.443	394.848	
	509	1012.157	395.603	
	510	1011.561	396.998	
	511	1011.004	398.863	
	512	1010.973	400.966	
	513	1011.457	402.462	
	514	1012.287	404.333	
	515	1013.629	405.628	
	516	1015.547	406.374	
	517	1017.798	405.894	
	518	1020.412	405.161	
	519	1023.610	403.837	
	520	1026.682	402.538	
	521	1030.130	401.731	
	522	1033.638	401.354	
	523	1036.823	402.133	
	524	1040.070	403.452	
	525	1043.274	403.938	
	526	1046.325	403.813	
	527	1048.963	403.576	
	528	1051.418	403.125	
	529	1053.443	402.993	
	530	1054.957	402.879	
	531	1056.425	402.778	
	532	1057.544	402.831	
	533	1058.869	402.641	
	534	1059.568	402.614	
	535	1060.253	402.123	
	536	1060.685	401.606	
	537	1060.884	401.147	
	538	1061.225	400.806	
	539	1061.712	400.793	
	540	1062.272	400.858	
	541	1062.689	402.006	
	542	1062.915	403.156	
	543	1063.274	405.133	
	544	1064.039	407.656	
	545	1064.586	409.055	
	546	1065.183	409.061	
	547	1066.021	408.073	
	548	1066.600	406.583	
	549	1067.342	405.231	
	550	1068.051	404.162	
	551	1068.903	403.958	
	552	1070.217	404.486	
	553	1072.098	405.662	
	554	1074.070	407.136	
	555	1076.113	408.706	
	556	1077.352	410.185	
	557	1078.113	411.188	
	558	1078.382	412.110	
	559	1077.960	412.356	
	560	1077.049	411.866	
	561	1076.100	410.904	
	562	1074.791	409.385	
	563	1073.347	408.744	
	564	1073.347	408.744	
	565	1072.685	410.770	
	566	1070.997	413.215	
	567	1069.208	415.031	
	568	1067.517	415.893	
	569	1064.778	415.375	
	570	1062.025	413.515	
	571	1058.795	411.650	
	572	1054.875	409.975	
	573	1051.260	409.593	
	574	1047.178	410.306	
	575	1043.546	412.109	
	576	1040.997	414.113	
	577	1038.802	415.116	
	578	1036.695	415.213	
	579	1034.384	414.712	
	580	1032.079	413.775	
	581	1030.166	412.924	
	582	1027.917	411.909	
	583	1026.706	411.748	
	584	1024.963	411.989	
	585	1023.766	412.169	
	586	1023.008	412.171	
	587	1022.340	412.845	
	588	1021.830	413.435	
	589	1021.820	414.118	
	590	1022.160	414.874	
	591	1023.272	416.001	
	592	1026.694	417.829	
	593	1029.487	420.345	
	594	1032.151	422.972	
	595	1034.708	424.835	
	596	1037.640	426.612	
	597	1041.126	427.964	
	598	1044.694	428.870	
	599	1048.794	429.391	
	600	1053.642	429.336	
	601	1057.907	429.504	
	602	1061.885	429.384	
	603	1066.331	429.030	
	604	1069.977	429.013	
	605	1073.410	429.045	
	606	1077.014	429.308	
	607	1079.918	430.208	
	608	1082.715	430.966	
	609	1085.253	431.476	
	610	1086.966	431.906	
	611	1087.904	432.072	
	612	1088.185	432.295	
	613	1087.938	432.612	
	614	1087.909	433.334	
	615	1087.831	433.938	
	616	1087.703	434.567	
	617	1086.863	435.187	
	618	1085.777	435.567	
	619	1084.534	435.769	
	620	1083.324	435.777	
	621	1082.500	435.794	
	622	1081.744	435.738	
	623	1081.222	435.871	
	624	1080.688	435.995	
	625	1080.327	436.207	
	626	1079.932	436.432	
	627	1079.607	436.663	
	628	1079.311	436.762	
	629	1078.865	436.871	
	630	1078.400	436.957	
	631	1077.984	437.087	
	632	1077.428	437.143	
	633	1076.393	437.672	
	634	1075.160	438.162	
	635	1073.809	438.702	
	636	1071.887	439.620	
	637	1070.189	440.835	
	638	1068.500	441.720	
	639	1068.500	441.720	
	640	1063.245	442.291	
	641	1058.258	442.834	
	642	1053.669	443.425	
	643	1049.403	443.928	
	644	1045.614	444.061	
	645	1042.358	443.757	
	646	1039.435	443.592	
	647	1036.591	443.250	
	648	1033.903	442.969	
	649	1032.054	443.321	
	650	1030.331	444.125	
	651	1028.850	445.375	
	652	1027.504	446.886	
	653	1026.443	448.671	
	654	1025.569	449.964	
	655	1024.755	450.537	
	656	1023.944	451.275	
	657	1023.408	452.726	
	658	1023.371	454.358	
	659	1023.583	455.969	
	660	1024.328	457.701	
	661	1024.588	459.044	
	662	1024.550	459.607	
	663	1023.968	459.473	
	664	1022.697	458.580	
	665	1020.941	457.348	
	666	1018.723	456.149	
	667	1016.194	455.595	
	668	1013.273	456.572	
	669	1013.273	456.572	
	670	1012.119	458.167	
	671	1010.191	459.679	
	672	1008.002	460.218	
	673	1005.394	459.341	
	674	1002.094	457.725	
	675	998.479	455.353	
	676	994.875	453.237	
	677	991.384	451.228	
	678	988.629	450.223	
	679	986.115	450.327	
	680	983.338	451.331	
	681	980.598	452.512	
	682	977.829	453.792	
	683	974.479	454.721	
	684	971.786	454.761	
	685	970.312	454.534	
	686	968.930	454.225	
	687	968.161	453.827	
	688	967.725	453.633	
	689	967.335	453.399	
	690	967.890	453.678	
	691	968.218	453.872	
	692	968.973	454.319	
	693	969.784	454.716	
	694	970.641	455.007	
	695	971.731	455.279	
	696	972.978	455.559	
	697	974.063	455.843	
	698	974.791	456.178	
	699	974.539	456.408	
	700	974.240	456.700	
	701	973.873	456.869	
	702	973.650	456.961	
	703	973.449	457.057	
	704	972.946	457.399	
	705	972.262	458.330	
	706	970.795	459.758	
	707	968.004	461.000	
	708	965.488	462.332	
	709	964.965	463.581	
	710	964.331	463.893	
	711	964.841	463.869	
	712	965.510	463.129	
	713	966.669	462.214	
	714	967.921	461.481	
	715	969.426	461.036	
	716	970.566	461.220	
	717	972.044	462.107	
	718	973.648	462.913	
	719	975.643	463.932	
	720	977.977	465.139	
	721	979.824	465.769	
	722	982.398	465.375	
	723	984.115	464.630	
	724	984.970	463.149	
	725	985.771	461.186	
	726	986.171	459.412	
	727	986.016	457.964	
	728	985.991	456.955	
	729	985.783	456.591	
	730	985.445	456.313	
	731	985.091	456.021	
	732	984.392	455.486	
	733	983.762	454.907	
	734	983.014	454.085	
	735	982.259	452.870	
	736	981.384	451.873	
	737	980.450	451.556	
	738	979.778	450.648	
	739	978.620	450.350	
	740	977.926	450.372	
	741	977.124	450.511	
	742	975.794	450.774	
	743	974.453	450.811	
	744	972.623	450.726	
	745	969.969	450.728	
	746	967.282	450.772	
	747	964.650	451.201	
	748	962.051	451.875	
	749	959.784	452.639	
	750	957.852	453.550	
	751	955.867	454.492	
	752	954.147	454.818	
	753	951.989	454.901	
	754	949.827	454.844	
	755	947.689	454.592	
	756	945.747	453.961	
	757	944.639	453.286	
	758	943.936	452.496	
	759	943.704	452.001	
	760	943.655	452.151	
	761	943.878	452.730	


End of Keyframe Data

