Adobe After Effects 8.0 Keyframe Data

	Units Per Second	29.97
	Source Width	1920
	Source Height	1080
	Source Pixel Aspect Ratio	1
	Comp Pixel Aspect Ratio	1

Motion Trackers	Tracker #1	Track Point #1	Feature Center
	Frame	X pixels	Y pixels	
	0	1104.000	704.000	
	1	1102.087	697.843	
	2	1100.238	693.321	
	3	1097.935	689.929	
	4	1095.653	687.363	
	5	1093.218	684.803	
	6	1090.688	682.297	
	7	1088.383	679.445	
	8	1086.191	675.892	
	9	1084.412	671.547	
	10	1082.260	666.504	
	11	1080.386	661.248	
	12	1079.002	655.224	
	13	1077.919	648.451	
	14	1077.690	641.896	
	15	1077.740	635.667	
	16	1078.129	630.388	
	17	1078.405	625.954	
	18	1078.645	623.061	
	19	1078.352	620.542	
	20	1078.149	618.571	
	21	1078.102	616.328	
	22	1077.997	613.965	
	23	1078.064	610.851	
	24	1077.732	607.174	
	25	1076.708	602.250	
	26	1074.765	597.113	
	27	1072.704	590.633	
	28	1070.602	583.626	
	29	1068.615	577.273	
	30	1066.507	571.303	
	31	1064.677	566.808	
	32	1062.486	563.664	
	33	1060.308	561.085	
	34	1058.055	559.200	
	35	1055.883	557.060	
	36	1054.202	554.187	
	37	1052.627	551.017	
	38	1051.610	547.286	
	39	1050.263	542.849	
	40	1049.671	537.958	
	41	1049.528	532.550	
	42	1049.924	526.507	
	43	1050.302	520.305	
	44	1050.820	514.947	
	45	1051.230	510.495	
	46	1051.277	507.201	
	47	1051.842	504.685	
	48	1052.295	502.839	
	49	1052.649	501.117	
	50	1052.281	499.231	
	51	1052.740	496.473	
	52	1052.807	493.423	
	53	1053.190	489.422	
	54	1053.491	485.014	
	55	1053.343	480.721	
	56	1052.632	475.864	
	57	1051.487	470.681	
	58	1049.696	464.753	
	59	1046.429	458.523	
	60	1042.324	452.727	
	61	1038.742	448.090	
	62	1036.624	445.597	
	63	1035.601	445.097	
	64	1035.363	445.857	
	65	1035.080	446.341	
	66	1034.213	446.208	
	67	1033.133	445.695	
	68	1032.073	445.925	
	69	1031.382	446.188	
	70	1030.890	445.714	
	71	1030.669	444.205	
	72	1030.054	441.306	
	73	1029.304	437.085	
	74	1027.957	432.577	
	75	1025.940	428.178	
	76	1024.269	425.057	
	77	1022.660	423.279	
	78	1021.403	422.709	
	79	1020.433	423.073	
	80	1019.571	423.939	
	81	1018.734	425.454	
	82	1017.965	426.729	
	83	1016.537	427.718	
	84	1015.224	428.660	
	85	1013.567	429.165	
	86	1012.797	429.643	
	87	1012.614	429.696	
	88	1012.866	429.695	
	89	1013.915	429.952	
	90	1015.427	430.488	
	91	1017.195	431.243	
	92	1019.315	432.841	
	93	1021.191	435.116	
	94	1022.766	437.884	
	95	1023.727	440.195	
	96	1024.301	441.383	
	97	1024.499	441.735	
	98	1024.677	441.477	
	99	1024.413	441.344	
	100	1024.407	441.576	
	101	1024.585	442.695	
	102	1024.474	444.663	
	103	1024.178	447.106	
	104	1023.425	450.131	
	105	1022.856	452.873	
	106	1021.825	454.404	
	107	1020.916	455.977	
	108	1020.108	457.094	
	109	1019.727	457.844	
	110	1019.348	459.065	
	111	1019.266	460.363	
	112	1019.390	461.854	
	113	1019.488	463.006	
	114	1020.195	464.045	
	115	1020.529	464.787	
	116	1021.260	465.458	
	117	1022.057	466.056	
	118	1023.063	466.573	
	119	1023.899	467.373	
	120	1025.283	469.123	
	121	1026.583	471.687	
	122	1027.518	474.836	
	123	1028.202	478.418	
	124	1028.872	481.668	
	125	1029.279	484.257	
	126	1029.685	486.239	
	127	1029.212	487.482	
	128	1028.844	488.186	
	129	1027.656	488.212	
	130	1026.519	487.497	
	131	1025.196	486.645	
	132	1023.317	485.474	
	133	1021.665	483.999	
	134	1019.944	482.815	
	135	1018.019	481.971	
	136	1016.249	481.713	
	137	1014.956	481.499	
	138	1012.544	481.221	
	139	1010.797	480.697	
	140	1009.304	480.111	
	141	1008.260	479.177	
	142	1007.173	478.229	
	143	1006.936	477.304	
	144	1006.514	476.395	
	145	1006.504	475.636	
	146	1006.718	475.140	
	147	1006.920	474.595	
	148	1006.977	474.274	
	149	1006.497	473.978	
	150	1005.595	473.754	
	151	1004.378	473.545	
	152	1002.997	473.555	
	153	1001.504	473.351	
	154	999.746	473.085	
	155	998.032	473.066	
	156	996.282	472.801	
	157	994.320	472.474	
	158	992.094	471.870	
	159	989.810	470.880	
	160	987.145	470.166	
	161	984.315	468.499	
	162	980.831	467.043	
	163	977.002	465.608	
	164	973.130	464.515	
	165	968.916	464.224	
	166	964.782	464.122	
	167	959.547	464.400	
	168	954.937	465.322	
	169	949.426	466.603	
	170	943.917	468.165	
	171	937.431	469.258	
	172	931.523	470.698	
	173	925.296	471.967	
	174	918.929	472.944	
	175	912.503	473.541	
	176	906.179	473.936	
	177	899.529	474.133	
	178	893.020	474.126	
	179	886.764	474.138	
	180	879.813	473.753	
	181	872.824	472.724	
	182	866.884	471.711	
	183	860.570	470.657	
	184	854.088	469.192	
	185	847.903	468.058	
	186	841.824	467.622	
	187	835.783	467.426	
	188	829.512	467.323	
	189	824.246	467.357	
	190	818.477	467.240	
	191	813.518	466.846	
	192	808.752	465.823	
	193	803.140	464.604	
	194	798.622	462.871	
	195	794.951	461.757	
	196	789.440	460.220	
	197	783.954	458.615	
	198	778.192	456.578	
	199	773.091	455.596	
	200	767.609	454.868	
	201	761.726	454.738	
	202	755.600	454.848	
	203	749.128	455.385	
	204	743.187	456.202	
	205	735.926	456.433	
	206	728.014	456.771	
	207	721.860	457.439	
	208	714.445	457.651	
	209	708.335	457.489	
	210	702.452	456.791	
	211	697.322	455.811	
	212	692.387	454.619	
	213	689.127	454.329	
	214	684.229	454.608	
	215	678.980	455.289	
	216	676.333	457.888	
	217	670.735	459.503	
	218	663.173	460.040	
	219	662.045	460.830	
	220	659.132	460.296	
	221	657.956	459.839	
	222	656.776	459.080	
	223	656.083	458.191	
	224	654.606	457.093	
	225	652.005	455.997	
	226	649.259	455.824	
	227	646.254	455.820	
	228	643.706	455.881	
	229	641.464	455.908	
	230	640.815	455.990	
	231	640.536	455.614	
	232	640.939	455.010	
	233	642.186	455.025	
	234	643.880	455.099	
	235	645.387	455.114	
	236	647.524	455.890	
	237	649.432	456.219	
	238	651.362	456.414	
	239	654.319	456.625	
	240	657.075	456.218	
	241	660.352	455.638	
	242	663.284	454.754	
	243	666.376	453.633	
	244	669.454	453.359	
	245	672.602	453.297	
	246	675.627	453.292	
	247	678.638	453.295	
	248	681.096	453.009	
	249	683.887	452.987	
	250	686.753	453.112	
	251	689.304	453.166	
	252	691.647	453.540	
	253	693.652	453.355	
	254	695.757	453.101	
	255	697.461	453.366	
	256	698.993	453.464	
	257	699.988	453.347	
	258	700.548	453.329	
	259	701.280	453.379	
	260	702.159	453.344	
	261	703.084	453.183	
	262	704.244	452.837	
	263	705.923	452.794	
	264	707.686	452.034	
	265	709.728	451.539	
	266	712.022	451.225	
	267	714.745	451.004	
	268	718.232	451.007	
	269	721.917	450.968	
	270	725.992	450.800	
	271	730.499	450.968	
	272	735.661	450.841	
	273	741.109	450.739	
	274	746.476	450.953	
	275	751.916	450.977	
	276	756.920	450.392	
	277	761.508	449.073	
	278	765.564	447.672	
	279	770.028	446.111	
	280	775.096	445.264	
	281	780.185	445.288	
	282	784.675	445.424	
	283	784.675	445.424	
	284	788.729	444.197	
	285	792.993	443.186	
	286	797.344	442.396	
	287	802.117	441.246	
	288	806.148	440.492	
	289	810.760	439.951	
	290	815.018	438.964	
	291	819.022	438.181	
	292	823.017	437.622	
	293	826.989	436.125	
	294	830.214	434.703	
	295	834.599	432.792	
	296	837.002	431.056	
	297	841.130	429.015	
	298	845.817	427.113	
	299	851.025	425.372	
	300	855.642	424.364	
	301	860.630	423.858	
	302	866.219	423.810	
	303	872.240	423.753	
	304	878.065	424.450	
	305	884.120	424.986	
	306	891.039	425.818	
	307	897.345	426.806	
	308	904.530	428.072	
	309	910.581	430.131	
	310	915.521	432.845	
	311	919.948	435.017	
	312	923.973	435.862	
	313	927.008	434.996	
	314	929.621	432.087	
	315	931.353	428.658	
	316	932.303	425.128	
	317	934.830	422.707	
	318	935.317	421.929	
	319	935.870	422.323	
	320	936.280	423.717	
	321	936.445	424.916	
	322	936.435	425.140	
	323	937.491	424.060	
	324	937.717	421.535	
	325	937.748	418.593	
	326	935.970	416.065	
	327	934.786	413.842	
	328	932.528	411.598	
	329	930.359	409.397	
	330	927.854	408.133	
	331	924.321	407.522	
	332	920.930	407.040	
	333	916.831	407.168	
	334	912.581	407.386	
	335	908.195	408.112	
	336	904.090	409.647	
	337	899.926	411.126	
	338	896.161	412.146	
	339	892.492	412.243	
	340	888.876	411.132	
	341	885.166	408.836	
	342	880.518	406.371	
	343	875.825	404.387	
	344	870.825	403.691	
	345	865.774	403.677	
	346	862.237	403.668	
	347	859.258	403.406	
	348	856.217	403.391	
	349	853.652	403.399	
	350	851.511	403.219	
	351	849.651	403.085	
	352	847.878	402.984	
	353	845.919	402.933	
	354	844.157	402.732	
	355	842.903	402.667	
	356	842.154	402.593	
	357	842.129	402.573	
	358	842.397	402.619	
	359	842.808	402.654	
	360	843.442	402.728	
	361	844.213	402.741	
	362	845.509	402.719	
	363	846.846	402.758	
	364	848.501	402.749	
	365	850.394	402.831	
	366	852.645	402.902	
	367	855.274	403.002	
	368	858.251	402.984	
	369	861.361	403.047	
	370	864.695	403.120	
	371	868.069	403.244	
	372	871.757	403.361	
	373	875.104	403.481	
	374	878.356	403.694	
	375	881.306	404.051	
	376	884.541	404.250	
	377	887.762	405.206	
	378	891.542	405.431	
	379	894.687	406.371	
	380	897.820	407.741	
	381	902.004	408.202	
	382	905.631	409.289	
	383	909.193	411.264	
	384	913.296	412.583	
	385	917.506	414.255	
	386	921.570	416.071	
	387	925.970	417.293	
	388	930.771	418.244	
	389	934.998	420.055	
	390	939.539	421.608	
	391	943.514	423.954	
	392	948.144	425.225	
	393	950.739	426.677	
	394	952.481	428.956	
	395	954.440	431.254	
	396	955.392	435.924	
	397	957.220	440.669	
	398	960.863	444.279	
	399	964.856	446.025	
	400	968.035	446.537	
	401	971.281	446.136	
	402	974.824	444.647	
	403	978.339	442.950	
	404	982.151	440.626	
	405	986.011	437.472	
	406	989.401	435.565	
	407	992.494	434.214	
	408	996.183	432.685	
	409	999.357	431.194	
	410	1001.605	430.028	
	411	1003.847	428.042	
	412	1005.498	425.789	
	413	1006.488	423.583	
	414	1006.627	421.895	
	415	1006.067	421.374	
	416	1006.067	421.374	
	417	1008.546	420.279	
	418	1010.434	419.751	
	419	1010.434	419.751	
	420	1011.736	419.754	
	421	1012.876	419.722	
	422	1012.876	419.722	
	423	1013.302	418.363	
	424	1014.430	416.307	
	425	1015.675	414.053	
	426	1016.671	411.703	
	427	1018.033	410.420	
	428	1019.880	410.171	
	429	1019.674	409.943	
	430	1018.438	409.918	
	431	1017.914	409.928	
	432	1018.865	409.945	
	433	1020.574	409.952	
	434	1022.771	409.940	
	435	1022.771	409.940	
	436	1024.583	408.459	
	437	1026.116	407.201	
	438	1026.901	405.856	
	439	1026.621	404.826	
	440	1026.135	403.769	
	441	1026.229	403.330	
	442	1026.664	403.363	
	443	1027.290	403.380	
	444	1027.394	402.925	
	445	1028.165	403.402	
	446	1029.087	403.967	
	447	1030.191	404.939	
	448	1030.937	405.522	
	449	1031.626	406.608	
	450	1032.092	408.157	
	451	1032.304	409.893	
	452	1032.681	411.522	
	453	1033.129	413.126	
	454	1034.062	414.426	
	455	1035.367	415.606	
	456	1037.025	416.371	
	457	1039.286	416.314	
	458	1041.854	415.966	
	459	1044.664	414.929	
	460	1048.051	413.962	
	461	1051.236	413.242	
	462	1054.135	413.402	
	463	1056.559	414.157	
	464	1058.838	414.939	
	465	1060.731	415.363	
	466	1062.850	415.366	
	467	1064.721	415.045	
	468	1066.405	414.642	
	469	1067.927	414.664	
	470	1069.193	414.688	
	471	1070.490	414.756	
	472	1071.680	414.943	
	473	1072.930	414.715	
	474	1074.454	414.602	
	475	1076.489	414.720	
	476	1079.698	415.170	
	477	1083.776	415.146	
	478	1087.698	415.333	
	479	1090.521	414.814	
	480	1093.003	414.733	
	481	1094.418	415.326	
	482	1095.080	416.247	
	483	1094.718	417.750	
	484	1094.349	419.062	
	485	1093.930	419.766	
	486	1093.798	419.485	
	487	1094.057	418.425	
	488	1094.599	416.815	
	489	1095.617	414.661	
	490	1097.183	413.078	
	491	1098.917	412.157	
	492	1100.648	412.085	
	493	1102.090	412.305	
	494	1102.917	412.861	
	495	1102.945	413.259	
	496	1103.071	413.880	
	497	1102.951	415.186	
	498	1102.373	415.488	
	499	1101.727	416.885	
	500	1100.308	416.525	
	501	1098.326	416.000	
	502	1096.143	415.562	
	503	1093.925	414.955	
	504	1091.872	415.357	
	505	1090.695	418.987	
	506	1089.457	424.931	
	507	1087.847	427.636	
	508	1085.549	427.349	
	509	1082.950	427.040	
	510	1079.839	424.767	
	511	1076.825	423.557	
	512	1073.185	422.185	
	513	1071.193	426.396	
	514	1066.272	422.679	
	515	1062.151	422.759	
	516	1059.092	426.149	
	517	1059.092	426.149	
	518	1056.896	426.216	
	519	1054.657	425.702	
	520	1052.356	424.772	
	521	1050.509	423.960	
	522	1048.273	422.939	
	523	1047.240	422.805	
	524	1045.622	423.035	
	525	1045.002	423.118	
	526	1044.312	423.136	
	527	1044.190	423.786	
	528	1043.886	424.441	
	529	1043.797	425.220	
	530	1043.939	425.968	
	531	1045.574	427.234	
	532	1047.105	428.749	
	533	1050.876	431.428	
	534	1052.804	433.819	
	535	1055.306	435.555	
	536	1058.487	437.155	
	537	1062.185	438.212	
	538	1065.636	438.967	
	539	1069.767	439.376	
	540	1074.656	439.373	
	541	1078.938	439.474	
	542	1082.966	439.401	
	543	1087.503	439.059	
	544	1091.307	438.981	
	545	1094.636	438.985	
	546	1097.956	439.364	
	547	1101.050	440.127	
	548	1104.105	440.730	
	549	1106.448	441.425	
	550	1107.688	442.062	
	551	1107.991	442.586	
	552	1107.965	443.008	
	553	1107.661	443.369	
	554	1107.648	444.066	
	555	1107.559	444.669	
	556	1107.406	445.331	
	557	1106.595	445.926	
	558	1105.493	446.347	
	559	1104.292	446.520	
	560	1103.065	446.529	
	561	1102.244	446.550	
	562	1101.510	446.486	
	563	1100.980	446.616	
	564	1100.439	446.739	
	565	1100.080	446.942	
	566	1099.687	447.182	
	567	1099.388	447.406	
	568	1099.101	447.483	
	569	1098.645	447.591	
	570	1098.183	447.672	
	571	1097.764	447.809	
	572	1097.218	447.881	
	573	1096.195	448.400	
	574	1094.971	448.890	
	575	1093.618	449.460	
	576	1091.686	450.377	
	577	1089.948	451.587	
	578	1088.215	452.492	
	579	1088.215	452.492	
	580	1087.157	453.254	
	581	1084.202	454.000	
	582	1080.175	454.442	
	583	1075.226	454.691	
	584	1070.364	454.864	
	585	1065.842	454.591	
	586	1062.162	454.279	
	587	1059.061	454.223	
	588	1056.429	454.446	
	589	1054.721	454.858	
	590	1053.342	455.743	
	591	1052.404	457.297	
	592	1052.229	459.006	
	593	1052.021	460.265	
	594	1052.053	460.819	
	595	1051.846	461.290	
	596	1051.364	461.572	
	597	1050.442	462.206	
	598	1048.977	463.257	
	599	1047.472	464.632	
	600	1047.472	464.632	
	601	1047.472	464.632	
	602	1047.431	465.206	
	603	1046.857	465.080	
	604	1045.581	464.180	
	605	1043.827	462.960	
	606	1041.590	461.739	
	607	1039.037	461.149	
	608	1035.951	462.116	
	609	1035.951	462.116	
	610	1035.951	462.116	
	611	1033.911	463.730	
	612	1031.517	464.253	
	613	1028.819	463.436	
	614	1025.525	461.834	
	615	1021.960	459.478	
	616	1018.721	457.456	
	617	1015.175	455.441	
	618	1012.424	454.444	
	619	1009.825	454.510	
	620	1007.078	455.543	
	621	1004.290	456.701	
	622	1001.453	457.956	
	623	998.129	458.892	
	624	995.398	458.916	
	625	993.989	458.728	
	626	992.563	458.464	
	627	991.965	458.105	
	628	991.493	457.901	
	629	991.078	457.658	
	630	991.527	457.859	
	631	991.818	458.047	
	632	992.582	458.496	
	633	993.310	458.836	
	634	994.257	459.167	
	635	995.368	459.459	
	636	996.545	459.701	
	637	997.562	459.941	
	638	998.366	460.303	
	639	998.124	460.534	
	640	997.769	460.798	
	641	997.363	460.945	
	642	997.110	461.026	
	643	996.784	461.078	
	644	996.533	461.486	
	645	996.198	462.509	
	646	995.035	463.993	
	647	991.980	465.187	
	648	989.206	466.546	
	649	988.426	467.758	
	650	987.896	468.084	
	651	988.009	467.963	
	652	988.469	467.260	
	653	989.213	466.233	
	654	990.101	465.460	
	655	991.179	464.939	
	656	992.153	465.165	
	657	993.516	466.090	
	658	994.969	466.990	
	659	996.593	468.165	
	660	998.228	469.634	
	661	999.758	470.640	
	662	1002.656	470.187	
	663	1004.197	469.495	
	664	1005.351	467.785	
	665	1005.999	465.736	
	666	1006.225	463.924	
	667	1006.214	462.348	
	668	1006.295	461.138	
	669	1006.013	460.720	
	670	1005.757	460.416	
	671	1005.431	460.070	
	672	1004.682	459.547	
	673	1004.092	458.927	
	674	1003.313	458.096	
	675	1002.582	456.857	
	676	1001.629	455.908	
	677	1000.605	455.586	
	678	1000.122	454.564	
	679	998.981	454.230	
	680	998.411	454.172	
	681	997.547	454.202	
	682	996.573	454.184	
	683	995.262	454.081	
	684	993.396	453.913	
	685	990.744	453.915	
	686	988.025	453.904	
	687	985.337	454.361	
	688	982.683	455.018	
	689	980.338	455.783	
	690	978.381	456.686	
	691	976.396	457.592	
	692	974.728	457.883	
	693	972.550	458.003	
	694	970.423	457.969	
	695	968.340	457.709	
	696	966.452	457.122	
	697	965.306	456.469	
	698	964.701	455.695	
	699	964.498	455.206	
	700	964.305	455.368	
	701	964.562	455.909	


End of Keyframe Data

