Adobe After Effects 8.0 Keyframe Data

	Units Per Second	29.97
	Source Width	1920
	Source Height	1080
	Source Pixel Aspect Ratio	1
	Comp Pixel Aspect Ratio	1

Motion Trackers	Tracker #1	Track Point #1	Feature Center
	Frame	X pixels	Y pixels	
	0	371.000	487.000	
	1	370.789	488.451	
	2	370.240	489.525	
	3	369.786	490.127	
	4	368.745	490.586	
	5	367.947	490.850	
	6	366.854	490.845	
	7	365.516	491.288	
	8	364.249	491.859	
	9	362.695	492.661	
	10	360.871	493.877	
	11	359.065	495.138	
	12	357.126	496.432	
	13	355.064	497.721	
	14	352.853	499.227	
	15	350.494	500.157	
	16	347.732	500.775	
	17	344.710	501.257	
	18	341.585	501.032	
	19	338.354	500.492	
	20	335.029	500.192	
	21	331.935	500.042	
	22	328.738	500.430	
	23	325.724	501.166	
	24	322.817	502.398	
	25	320.245	503.841	
	26	317.908	505.516	
	27	315.816	507.413	
	28	313.732	509.278	
	29	312.345	510.762	
	30	310.998	511.734	
	31	310.263	512.508	
	32	309.800	513.170	
	33	309.779	513.685	
	34	310.250	514.442	
	35	311.094	515.122	
	36	312.353	515.685	
	37	313.739	516.653	
	38	315.195	517.240	
	39	317.058	517.748	
	40	319.210	518.500	
	41	321.527	519.031	
	42	324.324	519.342	
	43	327.513	520.018	
	44	330.483	520.719	
	45	333.832	521.281	
	46	337.334	521.843	
	47	341.090	522.615	
	48	344.932	523.360	
	49	348.921	524.136	
	50	352.820	525.027	
	51	356.687	525.926	
	52	360.580	526.750	
	53	364.387	527.500	
	54	368.065	528.126	
	55	371.733	528.527	
	56	375.519	529.148	
	57	378.966	529.598	
	58	382.095	530.100	
	59	384.950	530.568	
	60	387.757	530.834	
	61	390.316	531.339	
	62	392.938	531.787	
	63	395.276	532.316	
	64	397.567	532.788	
	65	399.513	533.289	
	66	401.489	533.711	
	67	403.336	533.875	
	68	405.239	534.135	
	69	407.730	534.565	
	70	410.542	534.969	
	71	413.164	535.847	
	72	415.658	536.865	
	73	418.328	537.901	
	74	421.172	539.112	
	75	424.295	539.957	
	76	427.292	541.088	
	77	430.608	541.911	
	78	434.143	542.482	
	79	437.448	543.119	
	80	441.023	543.554	
	81	444.258	543.891	
	82	447.420	544.276	
	83	450.469	544.581	
	84	453.642	544.746	
	85	456.401	544.913	
	86	459.362	544.506	
	87	462.040	543.939	
	88	464.992	543.010	
	89	467.854	541.982	
	90	470.919	540.996	
	91	473.703	540.597	
	92	476.928	540.014	
	93	479.917	539.619	
	94	483.182	538.913	
	95	486.215	538.489	
	96	489.480	537.523	
	97	492.648	536.718	
	98	495.794	535.829	
	99	499.114	535.014	
	100	502.293	534.210	
	101	505.921	533.390	
	102	509.513	532.116	
	103	513.429	530.148	
	104	517.282	527.698	
	105	521.013	525.162	
	106	524.245	522.883	
	107	527.516	520.853	
	108	530.194	519.420	
	109	532.798	518.042	
	110	535.048	516.758	
	111	537.082	515.223	
	112	538.629	513.771	
	113	540.105	511.735	
	114	541.222	510.073	
	115	542.687	508.187	
	116	544.055	506.541	
	117	545.751	504.580	
	118	547.478	503.290	
	119	549.391	501.554	
	120	551.396	500.528	
	121	553.665	499.330	
	122	555.867	498.589	
	123	558.367	497.947	
	124	561.048	497.442	
	125	563.850	497.037	
	126	566.682	496.461	
	127	569.525	495.493	
	128	572.386	493.857	
	129	574.904	492.111	
	130	577.794	489.586	
	131	580.359	487.976	
	132	583.375	486.445	
	133	586.223	485.693	
	134	588.974	485.056	
	135	591.322	484.749	
	136	593.257	483.798	
	137	594.466	482.672	
	138	594.949	481.879	
	139	595.465	480.329	
	140	595.849	479.040	
	141	596.131	477.823	
	142	596.277	476.865	
	143	596.570	475.677	
	144	596.472	474.684	
	145	596.419	473.727	
	146	596.110	472.946	
	147	595.510	472.130	
	148	594.759	471.388	
	149	593.548	470.673	
	150	592.202	470.060	
	151	590.673	469.114	
	152	588.653	467.888	
	153	586.486	466.272	
	154	584.226	464.499	
	155	581.704	461.792	
	156	581.704	461.792	
	157	580.767	460.621	
	158	580.263	459.329	
	159	579.219	458.540	
	160	578.579	457.727	
	161	578.292	457.190	
	162	578.427	456.778	
	163	578.673	456.255	
	164	579.187	456.008	
	165	580.199	455.322	
	166	580.653	455.105	
	167	581.455	454.404	
	168	581.876	453.872	
	169	582.210	452.979	
	170	582.341	451.655	
	171	581.533	450.790	
	172	580.823	449.309	
	173	579.464	448.157	
	174	578.017	446.678	
	175	576.106	445.735	
	176	574.506	444.490	
	177	572.795	443.907	
	178	570.903	443.022	
	179	568.792	442.533	
	180	566.957	441.806	
	181	564.811	441.185	
	182	562.817	439.804	
	183	560.603	437.843	
	184	557.963	436.041	
	185	555.331	434.459	
	186	552.481	433.206	
	187	549.477	432.071	
	188	546.786	430.867	
	189	544.412	429.591	
	190	542.243	428.792	
	191	540.395	428.064	
	192	538.205	427.262	
	193	536.110	426.961	
	194	534.161	426.697	
	195	532.317	426.912	
	196	530.683	427.037	
	197	529.051	427.299	
	198	527.633	427.527	
	199	526.403	428.031	
	200	525.278	428.570	
	201	524.451	429.371	
	202	523.842	430.454	
	203	523.578	431.516	
	204	523.767	432.998	
	205	524.059	434.050	
	206	523.966	434.511	
	207	523.581	435.147	
	208	523.557	435.508	
	209	523.513	436.066	
	210	523.484	436.717	
	211	523.216	437.269	
	212	522.836	437.584	
	213	522.133	438.125	
	214	521.493	438.312	
	215	520.572	438.311	
	216	519.704	438.370	
	217	518.812	438.655	
	218	517.999	438.913	
	219	517.110	438.988	
	220	516.387	438.757	
	221	515.890	438.245	
	222	515.021	438.173	
	223	514.152	438.021	
	224	513.135	438.076	
	225	512.167	437.946	
	226	511.398	437.939	
	227	510.749	437.926	
	228	510.223	437.879	
	229	509.610	437.818	
	230	509.108	437.665	
	231	508.490	437.557	
	232	508.150	437.450	
	233	507.883	437.449	
	234	507.599	437.399	
	235	507.087	437.625	
	236	506.802	437.335	
	237	506.529	437.565	
	238	506.483	437.339	
	239	506.033	437.452	
	240	505.530	437.352	
	241	505.154	437.308	
	242	504.768	437.161	
	243	504.852	437.025	
	244	504.833	437.017	
	245	504.853	436.759	
	246	504.291	436.723	
	247	503.900	436.562	
	248	503.184	436.614	
	249	502.854	436.220	
	250	502.635	436.180	
	251	502.177	435.924	
	252	501.961	436.388	
	253	501.580	436.551	
	254	501.056	436.657	
	255	500.251	436.823	
	256	499.826	436.571	
	257	499.187	436.785	
	258	498.896	436.535	
	259	498.308	436.678	
	260	497.778	436.546	
	261	497.297	436.534	
	262	497.001	436.550	
	263	496.454	436.547	
	264	496.102	436.604	
	265	495.890	436.541	
	266	495.551	436.565	
	267	495.406	436.672	
	268	495.219	436.962	
	269	495.124	437.026	
	270	494.933	437.160	
	271	494.835	437.023	
	272	494.283	437.006	
	273	493.807	437.005	
	274	493.132	437.142	
	275	492.263	436.914	
	276	491.593	436.830	
	277	490.888	436.772	
	278	490.079	436.786	
	279	489.067	436.670	
	280	488.136	436.744	
	281	487.062	436.659	
	282	486.258	436.565	
	283	485.191	436.550	
	284	484.256	436.324	
	285	483.158	436.223	
	286	482.193	436.036	
	287	481.019	435.965	
	288	480.211	435.795	
	289	479.186	436.070	
	290	478.387	436.140	
	291	477.386	436.154	
	292	476.660	436.223	
	293	475.601	436.494	
	294	474.807	436.499	
	295	473.305	437.099	
	296	471.956	437.389	
	297	470.456	438.027	
	298	469.179	438.557	
	299	467.949	439.181	
	300	467.062	439.667	
	301	466.449	440.375	
	302	465.717	441.160	
	303	464.711	442.391	
	304	463.130	443.353	
	305	461.769	444.011	
	306	460.172	444.529	
	307	458.691	444.910	
	308	457.108	445.358	
	309	455.845	445.845	
	310	454.590	446.493	
	311	453.679	447.350	
	312	452.975	448.457	
	313	452.318	449.359	
	314	451.596	450.176	
	315	450.691	450.837	
	316	450.093	451.580	
	317	449.071	452.588	
	318	447.872	453.870	
	319	446.768	455.849	
	320	445.870	458.057	
	321	444.610	460.627	
	322	443.347	462.648	
	323	441.676	464.801	
	324	440.183	466.431	
	325	438.099	469.027	
	326	435.696	471.390	
	327	433.517	472.846	
	328	432.038	472.996	
	329	430.600	474.169	
	330	429.477	476.084	
	331	429.018	478.314	
	332	429.086	479.838	
	333	429.231	481.666	
	334	429.427	483.396	
	335	429.829	484.648	
	336	430.605	485.808	
	337	431.610	487.018	
	338	432.979	489.241	
	339	434.531	492.397	
	340	436.755	497.105	
	341	439.304	503.321	
	342	439.304	503.321	
	343	447.855	517.266	
	344	454.669	531.245	
	345	457.924	543.469	
	346	460.224	553.399	
	347	462.711	563.650	
	348	464.788	572.440	
	349	466.275	579.670	
	350	467.061	585.906	
	351	467.505	590.722	
	352	467.567	594.461	
	353	467.623	597.445	
	354	467.848	599.950	
	355	468.352	602.433	
	356	469.042	604.700	
	357	469.722	607.115	
	358	469.941	609.269	
	359	470.270	612.081	
	360	470.523	614.496	
	361	470.437	617.261	
	362	470.357	619.841	
	363	469.952	622.848	
	364	469.730	625.555	
	365	469.284	628.603	
	366	468.735	631.392	
	367	468.164	634.499	
	368	467.622	637.528	
	369	467.569	640.930	
	370	467.447	644.589	
	371	467.540	648.709	
	372	467.926	652.888	
	373	468.626	657.422	
	374	469.508	661.871	
	375	469.519	666.001	
	376	469.112	669.108	
	377	468.195	670.444	
	378	466.680	670.825	
	379	464.586	670.640	
	380	462.567	669.873	
	381	460.440	669.118	
	382	458.645	668.386	
	383	456.404	667.815	
	384	454.409	667.005	
	385	451.851	665.998	
	386	449.332	664.412	
	387	445.593	662.716	
	388	441.129	661.042	
	389	435.526	659.890	
	390	429.049	658.790	
	391	423.195	658.151	
	392	417.762	656.602	
	393	410.449	653.486	
	394	402.735	649.519	
	395	395.096	647.022	
	396	388.285	645.379	
	397	381.871	644.393	
	398	375.342	643.718	
	399	368.794	643.436	
	400	362.410	643.212	
	401	355.866	643.484	
	402	348.973	644.196	
	403	341.929	645.120	
	404	334.642	646.502	
	405	326.990	648.546	
	406	319.340	651.265	
	407	311.106	654.859	
	408	303.090	658.940	
	409	294.579	664.214	
	410	286.178	670.256	
	411	278.374	677.501	
	412	271.135	685.428	
	413	264.683	694.362	
	414	257.157	701.380	
	415	248.860	707.023	
	416	243.138	711.523	
	417	240.307	713.619	
	418	238.127	714.581	
	419	235.195	715.885	
	420	232.758	716.703	
	421	231.157	717.078	
	422	230.422	717.175	
	423	230.559	717.231	
	424	231.313	717.351	
	425	232.190	717.861	
	426	232.694	718.455	
	427	232.596	719.199	
	428	232.739	719.896	
	429	232.568	720.755	
	430	232.200	721.319	
	431	231.489	722.044	
	432	230.882	722.222	
	433	230.379	721.958	
	434	229.846	721.411	
	435	228.997	721.302	
	436	228.734	721.055	
	437	228.253	720.954	
	438	227.772	720.768	
	439	227.303	720.685	
	440	226.925	720.627	
	441	226.650	720.601	
	442	226.683	720.375	
	443	226.686	720.266	
	444	226.708	720.111	
	445	226.766	720.108	
	446	226.738	720.039	
	447	226.792	719.807	
	448	226.784	719.679	
	449	226.758	719.701	
	450	226.501	719.580	
	451	226.471	719.555	
	452	226.456	719.559	
	453	226.112	719.428	
	454	226.000	719.224	
	455	225.984	719.217	
	456	225.960	719.113	
	457	225.928	718.944	
	458	225.859	718.711	
	459	225.729	718.583	
	460	225.717	718.281	
	461	225.614	718.005	
	462	225.314	717.395	
	463	225.300	716.968	
	464	225.356	716.481	
	465	225.173	715.882	
	466	225.084	715.389	
	467	225.057	714.949	
	468	225.040	714.337	
	469	225.088	714.009	
	470	225.264	713.570	
	471	225.441	713.102	
	472	225.470	712.834	
	473	225.701	712.518	
	474	225.698	712.336	
	475	226.013	712.070	
	476	226.278	711.828	
	477	226.728	711.655	
	478	226.880	711.653	
	479	227.314	711.455	
	480	227.595	711.472	
	481	227.820	711.489	
	482	228.356	711.511	
	483	228.950	711.506	
	484	229.898	711.223	
	485	230.621	711.116	
	486	231.654	710.773	
	487	232.295	710.543	
	488	232.641	710.289	
	489	232.634	710.205	
	490	232.529	710.046	
	491	232.244	710.011	
	492	231.704	710.079	
	493	231.164	710.119	
	494	230.885	710.133	
	495	230.568	710.312	
	496	230.570	710.316	
	497	230.533	710.470	
	498	230.650	710.549	
	499	230.885	710.541	
	500	231.067	710.701	
	501	231.399	710.789	
	502	231.583	710.607	
	503	231.611	710.506	
	504	231.499	710.520	
	505	231.498	710.532	
	506	231.518	710.415	
	507	231.381	710.431	
	508	231.352	710.457	
	509	231.397	710.596	
	510	231.403	710.571	
	511	231.428	710.559	
	512	231.404	710.550	
	513	231.433	710.578	
	514	231.473	710.619	
	515	231.463	710.573	
	516	231.419	710.394	
	517	231.491	710.602	
	518	231.474	710.630	
	519	231.420	710.505	
	520	231.420	710.505	
	521	231.474	710.640	
	522	231.473	710.671	
	523	231.470	710.672	
	524	231.467	710.605	
	525	231.451	710.643	
	526	231.450	710.644	
	527	231.452	710.643	
	528	231.452	710.643	
	529	231.453	710.638	
	530	231.454	710.642	
	531	231.451	710.679	
	532	231.451	710.679	
	533	231.422	710.694	
	534	231.452	710.640	
	535	231.417	710.694	
	536	231.403	710.751	
	537	231.408	710.760	
	538	231.399	710.680	
	539	231.412	710.675	
	540	231.273	710.741	
	541	231.428	710.830	
	542	231.457	710.842	
	543	231.412	710.696	
	544	231.402	710.670	
	545	231.427	710.810	
	546	231.431	710.747	
	547	231.421	710.697	
	548	231.345	710.685	
	549	231.433	710.686	
	550	231.432	710.686	
	551	231.382	710.756	
	552	231.427	710.706	
	553	231.429	710.705	
	554	231.389	710.675	
	555	231.459	710.668	
	556	231.449	710.669	
	557	231.449	710.669	
	558	231.447	710.670	
	559	231.451	710.677	
	560	231.390	710.857	
	561	231.385	710.824	
	562	231.450	710.677	
	563	231.447	710.679	
	564	231.482	710.808	
	565	231.452	710.688	
	566	231.453	710.688	
	567	231.461	710.700	
	568	231.426	710.674	
	569	231.422	710.678	
	570	231.290	710.819	
	571	231.413	710.647	
	572	231.412	710.644	
	573	231.403	710.682	
	574	231.404	710.682	
	575	231.431	710.611	
	576	231.385	710.663	
	577	231.393	710.651	
	578	231.406	710.629	
	579	231.409	710.630	
	580	231.404	710.647	
	581	231.411	710.680	
	582	231.400	710.642	
	583	231.397	710.666	
	584	231.411	710.668	
	585	231.404	710.665	
	586	231.404	710.665	
	587	231.404	710.665	
	588	231.405	710.647	
	589	231.487	710.685	
	590	231.420	710.641	
	591	231.400	710.619	
	592	231.403	710.618	
	593	231.471	710.680	
	594	231.385	710.636	
	595	231.394	710.634	
	596	231.363	710.653	
	597	231.363	710.666	
	598	231.358	710.681	
	599	231.359	710.660	
	600	231.370	710.656	
	601	231.365	710.654	
	602	231.430	710.703	
	603	231.379	710.664	
	604	231.377	710.629	
	605	231.384	710.665	
	606	231.383	710.674	
	607	231.377	710.666	
	608	231.381	710.670	
	609	231.378	710.702	
	610	231.377	710.673	
	611	231.377	710.701	
	612	231.383	710.704	
	613	231.392	710.703	
	614	231.383	710.697	
	615	231.383	710.697	
	616	231.383	710.697	
	617	231.381	710.694	
	618	231.381	710.693	
	619	231.381	710.693	
	620	231.381	710.693	
	621	231.381	710.694	
	622	231.372	710.711	
	623	231.371	710.711	
	624	231.372	710.711	
	625	231.368	710.721	
	626	231.346	710.711	
	627	231.348	710.684	
	628	231.321	710.686	
	629	231.321	710.686	
	630	231.328	710.701	
	631	231.329	710.709	
	632	231.331	710.711	
	633	231.346	710.723	
	634	231.332	710.736	
	635	231.358	710.697	
	636	231.358	710.697	
	637	231.336	710.748	
	638	231.373	710.674	
	639	231.365	710.671	
	640	231.331	710.712	
	641	231.373	710.673	
	642	231.376	710.667	
	643	231.357	710.670	
	644	231.357	710.669	
	645	231.357	710.669	
	646	231.353	710.669	
	647	231.353	710.669	
	648	231.353	710.669	
	649	231.354	710.669	
	650	231.353	710.669	
	651	231.348	710.668	
	652	231.348	710.668	
	653	231.388	710.691	
	654	231.345	710.665	
	655	231.323	710.689	
	656	231.381	710.714	
	657	231.326	710.687	
	658	231.331	710.693	
	659	231.328	710.718	
	660	231.343	710.810	
	661	231.356	710.654	
	662	231.362	710.653	
	663	231.337	710.696	
	664	231.353	710.707	
	665	231.325	710.691	
	666	231.334	710.715	
	667	231.304	710.732	
	668	231.336	710.726	
	669	231.318	710.744	
	670	231.323	710.708	
	671	231.307	710.723	
	672	231.283	710.719	
	673	231.283	710.719	
	674	231.282	710.719	
	675	231.256	710.702	
	676	231.240	710.710	
	677	231.240	710.710	
	678	231.240	710.709	
	679	231.228	710.711	
	680	231.207	710.708	
	681	231.207	710.708	
	682	231.207	710.708	
	683	231.197	710.707	
	684	231.187	710.738	
	685	231.198	710.758	
	686	231.200	710.755	
	687	231.208	710.765	
	688	231.195	710.801	
	689	231.184	710.771	
	690	231.184	710.773	
	691	231.177	710.757	
	692	231.181	710.768	
	693	231.179	710.761	
	694	231.195	710.773	
	695	231.198	710.756	
	696	231.179	710.778	
	697	231.191	710.771	
	698	231.239	710.763	
	699	231.241	710.756	
	700	231.256	710.724	
	701	231.240	710.745	
	702	231.242	710.744	
	703	231.244	710.720	
	704	231.232	710.760	
	705	231.342	710.806	
	706	231.271	710.752	
	707	231.271	710.750	
	708	231.315	710.725	
	709	231.309	710.726	
	710	231.311	710.725	
	711	231.331	710.702	
	712	231.332	710.713	
	713	231.361	710.700	
	714	231.358	710.695	
	715	231.413	710.652	
	716	231.415	710.653	
	717	231.362	710.695	
	718	231.400	710.696	
	719	231.414	710.667	
	720	231.427	710.715	
	721	231.414	710.735	
	722	231.428	710.695	
	723	231.462	710.601	
	724	231.494	710.672	
	725	231.453	710.688	
	726	231.469	710.625	
	727	231.459	710.610	
	728	231.456	710.628	
	729	231.454	710.645	
	730	231.450	710.646	
	731	231.449	710.646	
	732	231.447	710.649	
	733	231.449	710.650	
	734	231.448	710.640	
	735	231.433	710.685	
	736	231.433	710.685	
	737	231.434	710.695	
	738	231.438	710.705	
	739	231.438	710.703	
	740	231.437	710.703	
	741	231.450	710.705	
	742	231.447	710.717	
	743	231.447	710.716	
	744	231.447	710.710	
	745	231.456	710.705	
	746	231.449	710.707	
	747	231.483	710.688	
	748	231.450	710.706	
	749	231.452	710.696	
	750	231.495	710.640	
	751	231.490	710.643	
	752	231.469	710.668	
	753	231.464	710.665	
	754	231.478	710.672	
	755	231.471	710.658	
	756	231.468	710.661	
	757	231.475	710.667	
	758	231.470	710.671	
	759	231.467	710.655	
	760	231.470	710.671	
	761	231.470	710.671	
	762	231.471	710.672	
	763	231.421	710.637	
	764	231.466	710.677	
	765	231.477	710.657	
	766	231.477	710.657	
	767	231.477	710.657	
	768	231.477	710.657	
	769	231.477	710.657	
	770	231.477	710.655	
	771	231.525	710.645	
	772	231.528	710.635	
	773	231.558	710.621	
	774	231.552	710.646	
	775	231.552	710.632	
	776	231.564	710.635	
	777	231.566	710.636	
	778	231.597	710.608	
	779	231.605	710.607	
	780	231.603	710.601	
	781	231.604	710.601	
	782	231.601	710.597	
	783	231.614	710.591	
	784	231.610	710.597	
	785	231.612	710.604	
	786	231.584	710.608	
	787	231.599	710.618	
	788	231.601	710.608	
	789	231.604	710.607	
	790	231.604	710.607	
	791	231.608	710.601	
	792	231.582	710.591	
	793	231.590	710.618	
	794	231.602	710.571	
	795	231.556	710.597	
	796	231.558	710.597	
	797	231.558	710.597	
	798	231.558	710.597	
	799	231.558	710.597	
	800	231.551	710.601	
	801	231.552	710.600	
	802	231.552	710.600	
	803	231.554	710.600	
	804	231.548	710.592	
	805	231.563	710.579	
	806	231.562	710.595	
	807	231.571	710.577	
	808	231.566	710.594	
	809	231.563	710.609	
	810	231.545	710.637	
	811	231.545	710.637	
	812	231.572	710.630	
	813	231.568	710.603	
	814	231.576	710.553	
	815	231.560	710.603	
	816	231.596	710.571	
	817	231.594	710.580	
	818	231.594	710.580	
	819	231.594	710.580	
	820	231.590	710.591	
	821	231.579	710.587	
	822	231.574	710.579	
	823	231.574	710.579	
	824	231.568	710.560	
	825	231.620	710.527	
	826	231.635	710.546	
	827	231.635	710.546	
	828	231.640	710.552	
	829	231.655	710.597	
	830	231.609	710.562	
	831	231.515	710.598	
	832	231.570	710.583	
	833	231.550	710.607	
	834	231.544	710.579	
	835	231.544	710.579	
	836	231.533	710.577	
	837	231.546	710.576	
	838	231.554	710.590	
	839	231.540	710.586	
	840	231.485	710.622	
	841	231.486	710.639	
	842	231.536	710.646	
	843	231.506	710.609	
	844	231.503	710.613	
	845	231.504	710.614	
	846	231.519	710.613	
	847	231.548	710.589	
	848	231.511	710.614	
	849	231.540	710.607	
	850	231.513	710.601	
	851	231.520	710.600	
	852	231.526	710.611	
	853	231.540	710.602	
	854	231.555	710.574	
	855	231.558	710.605	
	856	231.558	710.605	
	857	231.558	710.605	
	858	231.556	710.610	
	859	231.558	710.609	
	860	231.559	710.609	
	861	231.561	710.608	
	862	231.556	710.622	
	863	231.556	710.622	
	864	231.556	710.622	
	865	231.562	710.609	
	866	231.561	710.626	
	867	231.553	710.622	
	868	231.550	710.625	
	869	231.551	710.620	
	870	231.568	710.547	
	871	231.568	710.547	
	872	231.563	710.541	
	873	231.554	710.546	
	874	231.549	710.543	
	875	231.546	710.545	
	876	231.551	710.543	
	877	231.551	710.543	
	878	231.552	710.543	
	879	231.529	710.576	
	880	231.541	710.565	
	881	231.544	710.574	
	882	231.545	710.574	
	883	231.536	710.590	
	884	231.534	710.591	
	885	231.533	710.589	
	886	231.535	710.589	
	887	231.537	710.593	
	888	231.537	710.593	
	889	231.537	710.593	
	890	231.537	710.591	
	891	231.537	710.590	
	892	231.541	710.594	
	893	231.537	710.590	
	894	231.535	710.594	
	895	231.527	710.600	
	896	231.527	710.600	
	897	231.528	710.602	
	898	231.530	710.592	
	899	231.524	710.605	
	900	231.528	710.609	
	901	231.526	710.607	
	902	231.523	710.599	
	903	231.527	710.608	
	904	231.527	710.608	
	905	231.527	710.608	
	906	231.527	710.608	
	907	231.527	710.608	
	908	231.509	710.617	
	909	231.510	710.615	
	910	231.514	710.615	
	911	231.510	710.624	
	912	231.512	710.572	
	913	231.511	710.608	
	914	231.519	710.614	
	915	231.530	710.579	
	916	231.509	710.593	
	917	231.528	710.579	
	918	231.509	710.592	
	919	231.492	710.603	
	920	231.532	710.578	
	921	231.532	710.579	
	922	231.532	710.580	
	923	231.532	710.578	
	924	231.528	710.578	
	925	231.528	710.578	
	926	231.526	710.579	
	927	231.526	710.582	
	928	231.528	710.583	
	929	231.528	710.585	
	930	231.542	710.567	
	931	231.540	710.564	
	932	231.533	710.583	
	933	231.514	710.593	
	934	231.494	710.595	
	935	231.506	710.596	
	936	231.514	710.588	
	937	231.514	710.588	
	938	231.514	710.613	
	939	231.515	710.608	
	940	231.513	710.614	
	941	231.524	710.609	
	942	231.500	710.600	
	943	231.525	710.562	
	944	231.521	710.607	
	945	231.485	710.600	
	946	231.484	710.598	
	947	231.484	710.598	
	948	231.484	710.597	
	949	231.492	710.595	
	950	231.482	710.603	
	951	231.495	710.596	
	952	231.505	710.590	
	953	231.504	710.591	
	954	231.504	710.591	
	955	231.504	710.591	
	956	231.494	710.593	
	957	231.499	710.603	
	958	231.500	710.600	
	959	231.504	710.602	
	960	231.514	710.590	
	961	231.514	710.590	
	962	231.510	710.590	
	963	231.512	710.590	
	964	231.511	710.586	
	965	231.510	710.590	
	966	231.515	710.591	
	967	231.520	710.585	
	968	231.522	710.583	
	969	231.530	710.579	
	970	231.520	710.578	
	971	231.526	710.572	
	972	231.523	710.575	
	973	231.526	710.580	
	974	231.531	710.567	
	975	231.530	710.563	
	976	231.530	710.563	
	977	231.530	710.563	
	978	231.529	710.565	
	979	231.524	710.565	
	980	231.524	710.565	
	981	231.538	710.565	
	982	231.532	710.565	
	983	231.532	710.565	
	984	231.535	710.566	
	985	231.518	710.576	
	986	231.535	710.560	
	987	231.542	710.552	
	988	231.542	710.553	
	989	231.535	710.559	
	990	231.541	710.536	
	991	231.540	710.537	
	992	231.541	710.541	
	993	231.540	710.536	
	994	231.540	710.537	
	995	231.540	710.539	
	996	231.533	710.536	
	997	231.539	710.540	
	998	231.542	710.542	
	999	231.536	710.550	
	1000	231.537	710.549	
	1001	231.528	710.549	
	1002	231.547	710.556	
	1003	231.543	710.557	
	1004	231.532	710.556	
	1005	231.531	710.562	
	1006	231.531	710.562	
	1007	231.531	710.562	
	1008	231.532	710.562	
	1009	231.532	710.562	
	1010	231.532	710.562	
	1011	231.532	710.562	
	1012	231.532	710.562	
	1013	231.532	710.562	
	1014	231.531	710.562	
	1015	231.531	710.565	
	1016	231.533	710.565	
	1017	231.534	710.565	
	1018	231.534	710.565	
	1019	231.536	710.552	
	1020	231.495	710.594	
	1021	231.516	710.571	
	1022	231.517	710.571	
	1023	231.508	710.581	
	1024	231.502	710.584	
	1025	231.501	710.584	
	1026	231.504	710.582	
	1027	231.514	710.573	
	1028	231.515	710.594	
	1029	231.518	710.585	
	1030	231.516	710.587	
	1031	231.537	710.593	
	1032	231.513	710.566	
	1033	231.513	710.573	
	1034	231.508	710.594	
	1035	231.513	710.573	
	1036	231.512	710.573	
	1037	231.512	710.573	
	1038	231.512	710.573	
	1039	231.513	710.573	
	1040	231.512	710.573	
	1041	231.512	710.573	
	1042	231.512	710.573	
	1043	231.513	710.573	
	1044	231.518	710.580	
	1045	231.518	710.579	
	1046	231.518	710.580	
	1047	231.517	710.580	
	1048	231.523	710.573	
	1049	231.522	710.574	
	1050	231.513	710.554	
	1051	231.513	710.554	
	1052	231.513	710.527	
	1053	231.506	710.554	
	1054	231.514	710.561	
	1055	231.511	710.553	
	1056	231.501	710.579	
	1057	231.508	710.545	
	1058	231.499	710.578	
	1059	231.517	710.574	
	1060	231.508	710.567	
	1061	231.502	710.574	
	1062	231.513	710.574	
	1063	231.517	710.568	
	1064	231.526	710.567	
	1065	231.506	710.616	
	1066	231.504	710.615	
	1067	231.504	710.615	
	1068	231.498	710.621	
	1069	231.498	710.621	
	1070	231.506	710.615	
	1071	231.506	710.615	
	1072	231.505	710.615	
	1073	231.513	710.633	
	1074	231.511	710.635	
	1075	231.511	710.635	
	1076	231.504	710.630	
	1077	231.510	710.622	
	1078	231.510	710.622	
	1079	231.497	710.609	
	1080	231.508	710.623	
	1081	231.508	710.622	
	1082	231.497	710.614	
	1083	231.487	710.588	
	1084	231.484	710.613	
	1085	231.487	710.611	
	1086	231.494	710.580	
	1087	231.484	710.602	
	1088	231.498	710.602	
	1089	231.501	710.598	
	1090	231.492	710.595	
	1091	231.483	710.589	
	1092	231.482	710.594	
	1093	231.489	710.588	
	1094	231.517	710.590	
	1095	231.535	710.583	
	1096	231.535	710.583	
	1097	231.535	710.583	
	1098	231.535	710.583	
	1099	231.535	710.583	
	1100	231.535	710.583	
	1101	231.535	710.583	
	1102	231.550	710.583	
	1103	231.550	710.583	
	1104	231.550	710.583	
	1105	231.549	710.583	
	1106	231.549	710.583	
	1107	231.550	710.583	
	1108	231.512	710.601	
	1109	231.512	710.601	
	1110	231.536	710.633	
	1111	231.524	710.620	
	1112	231.505	710.610	
	1113	231.526	710.615	
	1114	231.528	710.603	
	1115	231.511	710.607	
	1116	231.510	710.607	
	1117	231.505	710.606	
	1118	231.505	710.604	
	1119	231.495	710.619	
	1120	231.491	710.618	
	1121	231.489	710.622	
	1122	231.497	710.622	
	1123	231.493	710.627	
	1124	231.497	710.630	
	1125	231.497	710.642	
	1126	231.497	710.642	
	1127	231.498	710.644	
	1128	231.498	710.644	
	1129	231.498	710.644	
	1130	231.498	710.644	
	1131	231.472	710.659	
	1132	231.472	710.659	
	1133	231.465	710.654	
	1134	231.448	710.644	
	1135	231.541	710.580	
	1136	231.538	710.619	
	1137	231.548	710.622	
	1138	231.548	710.622	
	1139	231.536	710.629	
	1140	231.548	710.583	
	1141	231.525	710.614	
	1142	231.507	710.676	
	1143	231.488	710.705	
	1144	231.494	710.614	
	1145	231.502	710.610	
	1146	231.357	710.692	
	1147	231.530	710.750	
	1148	231.530	710.768	
	1149	231.469	710.686	
	1150	231.448	710.632	
	1151	231.510	710.746	
	1152	231.511	710.692	
	1153	231.492	710.647	
	1154	231.454	710.674	
	1155	231.513	710.637	
	1156	231.520	710.638	
	1157	231.484	710.673	
	1158	231.522	710.639	
	1159	231.530	710.629	
	1160	231.501	710.599	
	1161	231.517	710.628	
	1162	231.511	710.623	
	1163	231.531	710.639	
	1164	231.534	710.631	
	1165	231.534	710.632	
	1166	231.517	710.730	
	1167	231.525	710.727	
	1168	231.538	710.630	
	1169	231.550	710.640	
	1170	231.610	710.712	
	1171	231.550	710.639	
	1172	231.557	710.648	
	1173	231.544	710.652	
	1174	231.542	710.629	
	1175	231.539	710.629	
	1176	231.428	710.740	
	1177	231.545	710.614	
	1178	231.513	710.636	
	1179	231.464	710.697	
	1180	231.505	710.649	
	1181	231.539	710.577	
	1182	231.503	710.637	
	1183	231.503	710.637	
	1184	231.535	710.606	
	1185	231.529	710.603	
	1186	231.529	710.603	
	1187	231.542	710.613	
	1188	231.520	710.589	
	1189	231.544	710.585	
	1190	231.519	710.587	
	1191	231.540	710.577	
	1192	231.540	710.577	
	1193	231.537	710.556	
	1194	231.533	710.547	
	1195	231.632	710.628	
	1196	231.574	710.568	
	1197	231.527	710.537	
	1198	231.522	710.538	
	1199	231.622	710.633	
	1200	231.533	710.532	
	1201	231.527	710.523	
	1202	231.498	710.589	
	1203	231.498	710.608	
	1204	231.499	710.608	
	1205	231.481	710.609	
	1206	231.481	710.607	
	1207	231.498	710.603	
	1208	231.515	710.643	
	1209	231.500	710.606	
	1210	231.471	710.593	
	1211	231.487	710.608	
	1212	231.483	710.609	
	1213	231.486	710.608	
	1214	231.490	710.607	
	1215	231.484	710.606	
	1216	231.502	710.588	
	1217	231.508	710.587	
	1218	231.536	710.612	
	1219	231.519	710.637	
	1220	231.495	710.610	
	1221	231.510	710.607	
	1222	231.510	710.607	
	1223	231.510	710.607	
	1224	231.510	710.607	
	1225	231.510	710.607	
	1226	231.510	710.607	
	1227	231.508	710.608	
	1228	231.508	710.608	
	1229	231.507	710.608	
	1230	231.506	710.608	
	1231	231.479	710.622	
	1232	231.479	710.620	
	1233	231.472	710.611	
	1234	231.471	710.612	
	1235	231.476	710.618	
	1236	231.485	710.650	
	1237	231.483	710.652	
	1238	231.483	710.658	
	1239	231.480	710.647	
	1240	231.466	710.658	
	1241	231.497	710.620	
	1242	231.496	710.619	
	1243	231.479	710.670	
	1244	231.483	710.619	
	1245	231.509	710.603	
	1246	231.475	710.659	
	1247	231.489	710.660	
	1248	231.506	710.622	
	1249	231.476	710.670	
	1250	231.467	710.658	
	1251	231.463	710.639	
	1252	231.463	710.639	
	1253	231.463	710.639	
	1254	231.463	710.639	
	1255	231.464	710.639	
	1256	231.463	710.642	
	1257	231.463	710.642	
	1258	231.463	710.642	
	1259	231.486	710.647	
	1260	231.466	710.641	
	1261	231.474	710.640	
	1262	231.491	710.658	
	1263	231.459	710.635	
	1264	231.451	710.619	
	1265	231.446	710.665	
	1266	231.488	710.737	
	1267	231.504	710.591	
	1268	231.505	710.604	
	1269	231.494	710.637	
	1270	231.482	710.642	
	1271	231.478	710.647	
	1272	231.482	710.665	
	1273	231.470	710.662	
	1274	231.484	710.658	
	1275	231.481	710.659	
	1276	231.511	710.653	
	1277	231.501	710.659	
	1278	231.500	710.654	
	1279	231.487	710.671	
	1280	231.505	710.622	
	1281	231.491	710.630	
	1282	231.491	710.630	
	1283	231.491	710.630	
	1284	231.479	710.646	
	1285	231.478	710.648	
	1286	231.478	710.648	
	1287	231.478	710.648	
	1288	231.479	710.634	
	1289	231.479	710.637	
	1290	231.480	710.637	
	1291	231.481	710.637	
	1292	231.472	710.621	
	1293	231.495	710.615	
	1294	231.480	710.645	
	1295	231.470	710.628	
	1296	231.509	710.605	
	1297	231.506	710.608	
	1298	231.510	710.620	
	1299	231.513	710.609	
	1300	231.527	710.622	
	1301	231.527	710.590	
	1302	231.508	710.601	
	1303	231.482	710.620	
	1304	231.497	710.623	
	1305	231.487	710.599	
	1306	231.486	710.597	
	1307	231.466	710.622	
	1308	231.500	710.551	
	1309	231.512	710.490	
	1310	231.491	710.605	
	1311	231.529	710.759	
	1312	231.507	710.505	
	1313	231.514	710.523	
	1314	231.522	710.537	
	1315	231.522	710.537	
	1316	231.522	710.537	
	1317	231.534	710.546	
	1318	231.537	710.553	
	1319	231.537	710.553	
	1320	231.537	710.553	
	1321	231.554	710.552	
	1322	231.520	710.560	
	1323	231.508	710.580	
	1324	231.511	710.588	
	1325	231.510	710.561	
	1326	231.515	710.666	
	1327	231.480	710.708	
	1328	231.495	710.591	
	1329	231.525	710.548	
	1330	231.529	710.593	
	1331	231.506	710.601	
	1332	231.517	710.559	
	1333	231.512	710.566	
	1334	231.526	710.591	
	1335	231.487	710.615	
	1336	231.507	710.599	
	1337	231.512	710.607	
	1338	231.508	710.605	
	1339	231.491	710.643	
	1340	231.508	710.605	
	1341	231.488	710.645	
	1342	231.480	710.663	
	1343	231.480	710.663	
	1344	231.480	710.663	
	1345	231.479	710.663	
	1346	231.479	710.662	
	1347	231.488	710.665	
	1348	231.478	710.660	
	1349	231.479	710.660	
	1350	231.482	710.664	
	1351	231.486	710.673	
	1352	231.486	710.673	
	1353	231.511	710.634	
	1354	231.471	710.655	
	1355	231.468	710.641	
	1356	231.510	710.594	
	1357	231.511	710.594	
	1358	231.516	710.601	
	1359	231.496	710.622	
	1360	231.511	710.624	
	1361	231.492	710.627	
	1362	231.489	710.631	
	1363	231.496	710.644	
	1364	231.481	710.645	
	1365	231.498	710.612	
	1366	231.482	710.655	
	1367	231.487	710.666	
	1368	231.485	710.659	
	1369	231.442	710.635	
	1370	231.485	710.659	
	1371	231.492	710.642	
	1372	231.492	710.642	
	1373	231.492	710.642	
	1374	231.492	710.642	
	1375	231.492	710.642	
	1376	231.521	710.627	
	1377	231.529	710.625	
	1378	231.535	710.621	
	1379	231.576	710.600	
	1380	231.578	710.617	
	1381	231.566	710.624	
	1382	231.577	710.613	
	1383	231.588	710.618	
	1384	231.612	710.584	
	1385	231.609	710.590	
	1386	231.629	710.563	
	1387	231.629	710.563	
	1388	231.632	710.566	
	1389	231.634	710.570	
	1390	231.633	710.571	
	1391	231.630	710.569	
	1392	231.618	710.585	
	1393	231.621	710.584	
	1394	231.625	710.582	
	1395	231.627	710.581	
	1396	231.648	710.560	
	1397	231.648	710.558	
	1398	231.654	710.550	
	1399	231.650	710.558	
	1400	231.633	710.568	
	1401	231.601	710.568	
	1402	231.610	710.568	
	1403	231.610	710.568	
	1404	231.577	710.565	
	1405	231.576	710.565	
	1406	231.575	710.565	
	1407	231.575	710.565	
	1408	231.575	710.565	
	1409	231.553	710.568	
	1410	231.565	710.562	
	1411	231.571	710.554	
	1412	231.574	710.562	
	1413	231.576	710.550	
	1414	231.566	710.594	
	1415	231.586	710.576	
	1416	231.590	710.598	
	1417	231.588	710.583	
	1418	231.588	710.584	
	1419	231.587	710.569	
	1420	231.579	710.540	
	1421	231.590	710.569	
	1422	231.637	710.543	
	1423	231.610	710.568	
	1424	231.606	710.563	
	1425	231.609	710.566	
	1426	231.604	710.558	
	1427	231.602	710.559	
	1428	231.602	710.559	
	1429	231.600	710.556	
	1430	231.596	710.536	
	1431	231.609	710.522	
	1432	231.609	710.522	
	1433	231.607	710.522	
	1434	231.613	710.533	
	1435	231.705	710.585	
	1436	231.626	710.536	
	1437	231.533	710.575	
	1438	231.573	710.561	
	1439	231.542	710.576	
	1440	231.554	710.562	
	1441	231.577	710.536	
	1442	231.565	710.549	
	1443	231.580	710.556	
	1444	231.587	710.554	
	1445	231.590	710.548	
	1446	231.538	710.600	
	1447	231.536	710.611	
	1448	231.580	710.628	
	1449	231.538	710.593	
	1450	231.536	710.580	
	1451	231.540	710.585	
	1452	231.562	710.600	
	1453	231.587	710.573	
	1454	231.575	710.592	
	1455	231.575	710.596	
	1456	231.564	710.588	
	1457	231.575	710.596	
	1458	231.573	710.599	
	1459	231.573	710.591	
	1460	231.556	710.593	
	1461	231.588	710.599	
	1462	231.588	710.599	
	1463	231.588	710.599	
	1464	231.588	710.599	
	1465	231.588	710.599	
	1466	231.589	710.599	
	1467	231.589	710.599	
	1468	231.589	710.599	
	1469	231.589	710.599	
	1470	231.589	710.595	
	1471	231.579	710.605	
	1472	231.580	710.606	
	1473	231.577	710.600	
	1474	231.588	710.593	
	1475	231.581	710.589	
	1476	231.572	710.539	
	1477	231.572	710.539	
	1478	231.568	710.541	
	1479	231.576	710.525	
	1480	231.564	710.539	
	1481	231.561	710.542	
	1482	231.558	710.546	
	1483	231.570	710.542	
	1484	231.569	710.543	
	1485	231.569	710.543	
	1486	231.568	710.543	
	1487	231.563	710.543	
	1488	231.543	710.548	
	1489	231.549	710.550	
	1490	231.548	710.550	
	1491	231.546	710.556	
	1492	231.542	710.556	
	1493	231.542	710.556	
	1494	231.542	710.556	
	1495	231.542	710.556	
	1496	231.546	710.556	
	1497	231.547	710.556	
	1498	231.547	710.556	
	1499	231.547	710.554	
	1500	231.542	710.552	
	1501	231.542	710.552	
	1502	231.542	710.552	
	1503	231.555	710.564	
	1504	231.553	710.564	
	1505	231.556	710.585	
	1506	231.563	710.572	
	1507	231.566	710.564	
	1508	231.560	710.557	
	1509	231.555	710.575	
	1510	231.558	710.565	
	1511	231.561	710.560	
	1512	231.555	710.568	
	1513	231.548	710.564	
	1514	231.548	710.564	
	1515	231.549	710.567	
	1516	231.558	710.561	
	1517	231.569	710.592	
	1518	231.565	710.558	
	1519	231.558	710.564	
	1520	231.561	710.570	
	1521	231.553	710.567	
	1522	231.546	710.575	
	1523	231.546	710.575	
	1524	231.533	710.582	
	1525	231.533	710.575	
	1526	231.537	710.572	
	1527	231.537	710.572	
	1528	231.550	710.567	
	1529	231.552	710.563	
	1530	231.551	710.565	
	1531	231.547	710.566	
	1532	231.552	710.568	
	1533	231.546	710.564	
	1534	231.546	710.564	
	1535	231.555	710.563	
	1536	231.577	710.541	
	1537	231.572	710.537	
	1538	231.553	710.555	
	1539	231.528	710.567	
	1540	231.526	710.573	
	1541	231.560	710.550	
	1542	231.549	710.559	
	1543	231.549	710.559	
	1544	231.549	710.559	
	1545	231.550	710.548	
	1546	231.554	710.574	
	1547	231.552	710.551	
	1548	231.541	710.547	
	1549	231.562	710.533	
	1550	231.537	710.560	
	1551	231.515	710.565	
	1552	231.515	710.565	
	1553	231.515	710.565	
	1554	231.520	710.562	
	1555	231.515	710.566	
	1556	231.515	710.566	
	1557	231.520	710.563	
	1558	231.525	710.561	
	1559	231.525	710.561	
	1560	231.525	710.561	
	1561	231.538	710.554	
	1562	231.533	710.561	
	1563	231.523	710.567	
	1564	231.524	710.566	
	1565	231.526	710.563	
	1566	231.537	710.555	
	1567	231.537	710.555	
	1568	231.538	710.555	
	1569	231.543	710.545	
	1570	231.556	710.531	
	1571	231.538	710.539	
	1572	231.550	710.558	
	1573	231.552	710.549	
	1574	231.543	710.542	
	1575	231.544	710.549	
	1576	231.548	710.554	
	1577	231.538	710.546	
	1578	231.537	710.543	
	1579	231.529	710.538	
	1580	231.539	710.544	
	1581	231.546	710.537	
	1582	231.546	710.537	
	1583	231.547	710.537	
	1584	231.547	710.537	
	1585	231.547	710.537	
	1586	231.547	710.537	
	1587	231.549	710.534	
	1588	231.548	710.534	
	1589	231.549	710.534	
	1590	231.569	710.521	
	1591	231.547	710.533	
	1592	231.546	710.533	
	1593	231.565	710.521	
	1594	231.556	710.523	
	1595	231.553	710.539	
	1596	231.562	710.508	
	1597	231.573	710.519	
	1598	231.563	710.561	
	1599	231.564	710.549	
	1600	231.566	710.546	


End of Keyframe Data

