Adobe After Effects 8.0 Keyframe Data

	Units Per Second	29.97
	Source Width	1920
	Source Height	1080
	Source Pixel Aspect Ratio	1
	Comp Pixel Aspect Ratio	1

Motion Trackers	Tracker #1	Track Point #1	Feature Center
	Frame	X pixels	Y pixels	
	0	880.000	198.000	
	1	885.460	205.628	
	2	890.951	215.325	
	3	895.975	227.519	
	4	900.376	239.983	
	5	903.760	249.905	
	6	906.256	256.263	
	7	908.240	259.906	
	8	909.834	260.679	
	9	911.914	259.192	
	10	914.282	257.283	
	11	917.264	256.490	
	12	920.768	257.221	
	13	925.332	259.057	
	14	929.832	260.107	
	15	934.402	259.343	
	16	939.303	257.506	
	17	944.306	254.938	
	18	948.931	252.534	
	19	953.022	251.580	
	20	956.913	253.587	
	21	961.175	258.830	
	22	965.674	267.315	
	23	970.865	277.282	
	24	977.244	285.152	
	25	984.962	289.113	
	26	995.072	288.727	
	27	1007.758	284.007	
	28	1022.016	276.380	
	29	1034.589	268.208	
	30	1048.498	261.209	
	31	1063.094	256.724	
	32	1079.738	255.587	
	33	1096.392	257.543	
	34	1112.578	258.887	
	35	1126.172	259.686	
	36	1136.917	259.618	
	37	1147.279	258.682	
	38	1156.548	256.034	
	39	1165.734	251.769	
	40	1174.587	247.706	
	41	1183.266	242.876	
	42	1190.708	239.421	
	43	1199.022	236.367	
	44	1208.148	236.531	
	45	1219.103	235.558	
	46	1229.612	239.688	
	47	1242.147	243.289	
	48	1251.747	252.936	
	49	1260.017	259.137	
	50	1266.357	259.591	
	51	1270.593	259.220	
	52	1273.258	258.600	
	53	1275.680	255.601	
	54	1278.061	252.409	
	55	1279.827	251.581	
	56	1282.020	250.727	
	57	1283.260	250.539	
	58	1284.140	250.089	
	59	1284.368	249.551	
	60	1283.919	248.738	
	61	1283.246	248.349	
	62	1282.668	248.211	
	63	1282.462	248.236	
	64	1282.306	248.150	
	65	1281.887	248.426	
	66	1281.913	249.043	
	67	1281.888	249.636	
	68	1281.431	249.965	
	69	1280.916	249.923	
	70	1280.687	249.480	
	71	1280.715	249.112	
	72	1280.897	248.970	
	73	1281.047	248.777	
	74	1281.264	248.421	
	75	1281.261	248.157	
	76	1281.144	247.922	
	77	1280.690	247.546	
	78	1280.070	247.209	
	79	1279.616	247.034	
	80	1279.212	247.035	
	81	1279.288	247.050	
	82	1278.356	247.169	
	83	1274.663	251.281	
	84	1269.183	258.241	
	85	1262.120	264.647	
	86	1254.447	267.771	
	87	1244.911	266.712	
	88	1235.683	264.321	
	89	1224.859	260.743	
	90	1213.161	255.498	
	91	1200.831	251.049	
	92	1188.274	249.459	
	93	1172.952	246.329	
	94	1158.960	246.502	
	95	1145.552	245.055	
	96	1131.488	247.972	
	97	1119.240	250.359	
	98	1108.344	252.840	
	99	1098.109	255.054	
	100	1088.087	257.026	
	101	1077.868	257.212	
	102	1067.321	256.166	
	103	1054.694	251.989	
	104	1043.385	247.107	
	105	1032.170	242.158	
	106	1020.090	238.517	
	107	1010.111	235.841	
	108	998.605	236.788	
	109	989.073	237.870	
	110	975.489	240.924	
	111	965.047	244.925	
	112	952.882	247.771	
	113	937.887	247.966	
	114	924.093	245.887	
	115	910.054	242.694	
	116	898.023	237.326	
	117	886.333	232.793	
	118	874.643	229.445	
	119	863.233	226.329	
	120	851.733	226.348	
	121	840.096	229.245	
	122	827.731	233.302	
	123	818.709	237.452	
	124	802.598	234.762	
	125	791.302	234.142	
	126	777.213	230.970	
	127	769.984	229.537	
	128	761.460	228.078	
	129	754.219	227.870	
	130	747.169	230.263	
	131	741.183	234.094	
	132	735.553	239.341	
	133	730.536	247.424	
	134	714.779	272.371	
	135	747.298	267.611	
	136	776.196	261.453	
	137	803.086	255.017	
	138	830.686	250.557	
	139	858.134	249.745	
	140	880.910	252.180	
	141	898.998	256.339	
	142	914.190	256.315	
	143	931.037	255.484	
	144	949.625	250.438	
	145	971.792	241.425	
	146	996.448	239.983	
	147	1020.584	251.390	
	148	1046.271	265.359	
	149	1071.543	279.860	
	150	1095.003	292.525	
	151	1118.114	304.228	
	152	1140.200	311.999	
	153	1158.641	315.121	
	154	1173.010	316.058	
	155	1184.911	310.715	
	156	1195.574	304.512	
	157	1208.114	302.395	
	158	1225.226	300.067	
	159	1244.574	294.406	
	160	1263.746	290.407	
	161	1283.169	292.790	
	162	1295.964	281.516	
	163	1314.777	284.370	
	164	1333.979	297.898	
	165	1350.870	296.114	
	166	1370.037	300.200	
	167	1389.749	297.551	
	168	1409.179	303.676	
	169	1429.237	307.176	
	170	1449.530	312.551	
	171	1472.504	318.474	
	172	1490.233	347.520	
	173	1511.350	343.782	
	174	1543.203	382.314	
	175	1539.436	362.203	
	176	1556.380	369.115	
	177	1630.305	271.036	
	178	1640.524	271.570	
	179	1649.944	267.788	
	180	1649.955	267.779	
	181	1649.994	267.792	
	182	1650.084	267.791	
	183	1649.885	267.797	
	184	1649.797	267.813	
	185	1649.785	267.807	
	186	1649.760	267.802	
	187	1649.763	267.808	
	188	1649.760	267.805	
	189	1649.762	267.801	
	190	1649.776	267.818	
	191	1649.778	267.805	
	192	1649.775	267.805	
	193	1644.654	264.772	
	194	1644.605	264.739	
	195	1644.603	264.762	
	196	1644.600	264.760	
	197	1644.596	264.759	
	198	1644.580	264.790	
	199	1644.598	264.794	
	200	1669.032	261.807	
	201	1669.033	261.806	
	202	1668.983	261.639	
	203	1658.958	282.746	
	204	1659.142	282.757	
	205	1671.450	282.429	
	206	1671.447	282.441	
	207	1699.343	287.514	
	208	1699.352	287.505	
	209	1619.422	277.016	
	210	1606.753	274.199	
	211	1606.780	274.039	
	212	1570.075	251.279	
	213	1534.834	269.777	
	214	1520.507	254.980	
	215	1555.464	294.117	
	216	1555.464	294.117	
	217	1550.357	274.822	
	218	1692.489	364.078	
	219	1692.465	364.154	
	220	1692.500	364.163	
	221	1692.500	364.163	
	222	1692.522	364.114	
	223	1692.547	364.178	
	224	1692.506	364.195	
	225	1692.505	364.196	
	226	1692.472	364.188	
	227	1692.480	364.205	
	228	1692.463	364.225	
	229	1692.463	364.225	
	230	1692.463	364.225	
	231	1692.455	364.232	
	232	1692.526	364.215	
	233	1692.581	364.163	
	234	1692.581	364.163	
	235	1692.507	364.190	
	236	1692.503	364.178	
	237	1692.528	364.190	
	238	1692.528	364.190	
	239	1692.528	364.190	
	240	1692.558	364.202	
	241	1692.470	364.181	
	242	1692.470	364.181	
	243	1692.480	364.190	
	244	1692.389	364.146	
	245	1692.450	364.132	
	246	1692.450	364.132	
	247	1692.450	364.132	
	248	1692.526	364.097	
	249	1692.548	364.164	
	250	1692.548	364.164	
	251	1692.548	364.164	
	252	1692.555	364.208	
	253	1692.544	364.179	
	254	1692.544	364.179	
	255	1692.544	364.179	
	256	1692.516	364.131	
	257	1692.535	364.145	
	258	1692.535	364.145	
	259	1692.536	364.146	
	260	1692.562	364.154	
	261	1692.551	364.196	
	262	1692.536	364.151	
	263	1692.542	364.133	
	264	1692.522	364.110	
	265	1692.519	364.099	
	266	1692.595	364.188	
	267	1691.156	363.230	
	268	1688.765	360.092	
	269	1687.561	358.893	
	270	1686.667	358.281	
	271	1686.158	357.758	
	272	1685.503	356.840	
	273	1684.596	355.543	
	274	1683.763	354.325	
	275	1683.879	354.112	
	276	1684.314	354.550	
	277	1686.740	356.430	
	278	1687.206	356.701	
	279	1687.209	356.706	
	280	1687.253	356.742	
	281	1687.253	356.742	
	282	1687.253	356.742	
	283	1687.278	356.758	
	284	1687.260	356.797	
	285	1687.258	356.796	
	286	1687.258	356.795	
	287	1687.243	356.800	
	288	1687.278	356.835	
	289	1687.316	356.844	
	290	1687.282	356.804	
	291	1687.281	356.825	
	292	1687.281	356.826	
	293	1687.284	356.830	
	294	1687.276	356.832	
	295	1687.275	356.831	
	296	1687.275	356.831	
	297	1687.275	356.831	
	298	1687.276	356.831	


End of Keyframe Data

