Adobe After Effects 8.0 Keyframe Data

	Units Per Second	29.97
	Source Width	1920
	Source Height	1080
	Source Pixel Aspect Ratio	1
	Comp Pixel Aspect Ratio	1

Motion Trackers	Tracker #1	Track Point #1	Feature Center
	Frame	X pixels	Y pixels	
	0	1105.000	187.000	
	1	1107.707	188.778	
	2	1108.880	189.780	
	3	1108.207	190.138	
	4	1105.684	191.017	
	5	1101.823	193.557	
	6	1097.928	196.561	
	7	1094.454	198.315	
	8	1092.249	198.323	
	9	1091.872	198.300	
	10	1091.934	198.722	
	11	1092.027	199.799	
	12	1091.597	200.445	
	13	1090.812	200.837	
	14	1090.412	201.050	
	15	1089.894	200.953	
	16	1089.633	200.777	
	17	1089.556	200.673	
	18	1089.446	200.741	
	19	1089.453	200.853	
	20	1089.211	201.195	
	21	1089.084	200.920	
	22	1088.973	200.653	
	23	1088.972	200.654	
	24	1089.354	200.667	
	25	1089.780	200.429	
	26	1089.931	200.415	
	27	1089.992	200.641	
	28	1090.038	200.841	
	29	1090.038	200.893	
	30	1089.611	200.813	
	31	1088.442	200.059	
	32	1085.466	198.213	
	33	1081.742	196.279	
	34	1077.881	194.111	
	35	1072.724	191.621	
	36	1066.630	188.358	
	37	1059.029	184.115	
	38	1049.096	181.457	
	39	1039.490	179.367	
	40	1039.490	179.367	
	41	1038.192	180.095	
	42	1040.640	179.739	
	43	1042.401	179.434	
	44	1042.401	179.434	
	45	1038.413	179.591	
	46	1034.843	179.944	
	47	1032.276	179.997	
	48	1031.727	180.342	
	49	1031.944	180.620	
	50	1031.639	180.325	
	51	1031.159	180.176	
	52	1031.625	179.995	
	53	1031.654	179.784	
	54	1031.565	179.597	
	55	1031.550	179.557	
	56	1031.549	179.558	
	57	1031.604	179.557	
	58	1031.746	179.410	
	59	1031.735	179.298	
	60	1032.394	179.175	
	61	1032.971	179.251	
	62	1033.805	179.156	
	63	1034.834	179.360	
	64	1036.188	179.453	
	65	1038.485	179.978	
	66	1042.053	180.771	
	67	1046.766	182.957	
	68	1050.694	185.531	
	69	1052.807	186.447	
	70	1054.178	186.452	
	71	1055.876	186.597	
	72	1058.215	187.189	
	73	1061.681	187.864	
	74	1065.998	189.121	
	75	1071.203	192.012	
	76	1076.274	194.205	
	77	1080.031	195.031	
	78	1083.514	194.742	
	79	1085.094	194.815	
	80	1085.152	194.365	
	81	1084.963	194.150	
	82	1084.918	195.609	
	83	1085.243	197.869	
	84	1084.823	199.676	
	85	1083.729	199.865	
	86	1082.525	199.559	
	87	1081.545	198.799	
	88	1081.580	197.846	
	89	1081.843	197.485	
	90	1082.611	197.323	
	91	1083.061	197.038	
	92	1084.034	196.857	
	93	1085.372	196.267	
	94	1086.790	196.377	
	95	1089.532	196.929	
	96	1093.782	198.429	
	97	1098.890	201.177	
	98	1104.737	206.623	
	99	1109.284	211.085	
	100	1111.502	212.767	
	101	1111.979	212.853	
	102	1111.959	212.603	
	103	1110.843	211.876	
	104	1109.979	211.557	
	105	1109.933	211.517	
	106	1110.738	211.932	
	107	1112.251	213.130	
	108	1113.919	214.646	
	109	1115.593	215.901	
	110	1117.982	216.614	
	111	1120.967	216.478	
	112	1124.301	215.227	
	113	1128.614	215.056	
	114	1134.889	215.417	
	115	1139.983	218.469	
	116	1145.350	222.667	
	117	1148.367	228.328	
	118	1150.300	233.528	
	119	1150.251	234.355	
	120	1148.293	232.294	
	121	1146.089	227.844	
	122	1143.444	223.818	
	123	1140.925	221.588	
	124	1140.232	220.771	
	125	1140.228	220.892	
	126	1140.070	220.956	
	127	1139.926	220.612	
	128	1139.343	219.752	
	129	1138.674	218.567	
	130	1137.748	217.493	
	131	1136.769	216.478	
	132	1136.351	216.075	
	133	1136.523	216.295	
	134	1136.554	216.577	
	135	1136.309	216.777	
	136	1135.822	216.928	
	137	1135.543	217.087	
	138	1135.128	217.647	
	139	1134.838	218.462	
	140	1134.821	219.429	
	141	1134.581	220.482	
	142	1134.600	221.195	
	143	1134.517	221.460	
	144	1134.428	221.558	
	145	1134.439	220.958	
	146	1134.730	218.963	
	147	1134.833	216.931	
	148	1134.776	215.837	
	149	1134.749	215.901	
	150	1134.170	215.490	
	151	1133.005	213.359	
	152	1130.830	209.256	
	153	1128.019	203.922	
	154	1124.907	198.860	
	155	1122.032	195.204	
	156	1118.213	193.874	
	157	1114.200	193.996	
	158	1109.947	196.547	
	159	1105.471	201.225	
	160	1102.663	206.655	
	161	1102.204	210.769	
	162	1102.630	213.345	
	163	1103.535	213.385	
	164	1105.724	213.179	
	165	1107.852	211.591	
	166	1110.273	209.216	
	167	1111.920	208.294	
	168	1113.803	209.138	
	169	1116.365	211.204	
	170	1119.523	213.302	
	171	1123.231	214.121	
	172	1125.736	213.708	
	173	1126.845	211.653	
	174	1127.321	208.262	
	175	1127.040	205.501	
	176	1126.699	203.208	
	177	1126.038	202.051	
	178	1125.226	201.960	
	179	1124.616	202.452	
	180	1123.825	202.595	
	181	1122.554	201.447	
	182	1122.554	201.447	
	183	1119.565	196.628	
	184	1116.355	191.749	
	185	1113.294	187.904	
	186	1110.551	185.306	
	187	1108.059	183.994	
	188	1106.175	183.742	
	189	1104.579	183.515	
	190	1103.563	183.512	
	191	1102.837	183.497	
	192	1102.406	183.597	
	193	1102.262	183.765	
	194	1102.080	183.972	
	195	1102.035	184.671	
	196	1102.037	185.431	
	197	1101.926	186.261	
	198	1101.766	187.179	
	199	1101.357	187.580	
	200	1100.961	187.736	
	201	1100.667	187.686	
	202	1100.228	187.432	
	203	1099.981	187.424	
	204	1099.831	187.453	
	205	1099.650	187.634	
	206	1099.527	187.784	
	207	1099.566	187.863	
	208	1099.656	188.122	
	209	1099.684	188.251	
	210	1099.759	188.403	
	211	1099.790	188.671	
	212	1099.797	188.816	
	213	1099.826	188.981	
	214	1099.867	189.204	
	215	1099.856	189.245	
	216	1099.963	189.354	
	217	1100.007	189.426	
	218	1100.081	189.454	
	219	1100.251	189.446	
	220	1100.398	189.509	
	221	1100.706	189.534	
	222	1101.073	189.683	
	223	1101.668	190.050	
	224	1102.514	190.595	
	225	1103.350	191.262	
	226	1104.136	191.837	
	227	1104.879	192.084	
	228	1105.519	192.317	
	229	1105.928	192.364	
	230	1106.188	192.357	
	231	1106.417	192.311	
	232	1106.681	192.014	
	233	1106.681	192.014	
	234	1106.714	191.917	
	235	1106.757	191.807	
	236	1106.770	191.802	
	237	1106.715	191.654	
	238	1106.746	191.516	
	239	1106.761	191.334	
	240	1106.854	191.074	
	241	1106.912	190.584	
	242	1106.892	190.042	
	243	1106.730	189.434	
	244	1106.496	189.147	
	245	1106.210	189.076	
	246	1105.996	189.395	
	247	1105.792	190.069	
	248	1105.703	190.811	
	249	1105.698	191.735	
	250	1105.788	192.352	
	251	1105.773	192.615	
	252	1105.831	192.819	
	253	1105.972	192.797	
	254	1106.058	192.832	
	255	1106.162	192.921	
	256	1106.241	193.050	
	257	1106.282	193.136	
	258	1106.282	193.135	
	259	1106.313	193.227	
	260	1106.313	193.226	
	261	1106.321	193.237	
	262	1106.161	193.183	
	263	1106.161	193.183	
	264	1106.161	193.183	
	265	1106.011	193.165	
	266	1105.827	193.170	
	267	1105.799	193.162	
	268	1105.716	193.163	
	269	1105.584	193.158	
	270	1105.258	193.012	
	271	1104.973	192.834	
	272	1104.882	192.710	
	273	1104.892	192.720	
	274	1104.983	192.716	
	275	1105.122	192.734	
	276	1105.396	192.727	
	277	1105.717	192.708	
	278	1105.974	192.706	
	279	1106.247	192.492	
	280	1106.776	192.108	
	281	1107.187	191.746	
	282	1107.755	191.429	
	283	1108.625	191.048	
	284	1109.559	190.819	
	285	1110.648	190.621	
	286	1111.850	190.265	
	287	1113.105	189.971	
	288	1114.386	189.698	
	289	1115.645	189.479	
	290	1116.945	189.551	
	291	1118.245	189.898	
	292	1119.676	190.492	
	293	1121.035	191.249	
	294	1122.330	192.024	
	295	1123.812	192.628	
	296	1125.084	193.145	
	297	1126.109	193.546	
	298	1127.430	193.665	
	299	1128.394	193.706	
	300	1129.562	193.821	
	301	1130.610	193.991	
	302	1131.580	194.427	
	303	1132.770	194.825	
	304	1133.753	195.152	
	305	1134.757	195.352	
	306	1135.738	195.642	
	307	1136.715	195.893	
	308	1137.692	196.096	
	309	1138.532	196.301	
	310	1139.516	196.321	
	311	1140.354	196.453	
	312	1141.300	196.521	
	313	1141.872	196.449	
	314	1142.322	195.864	
	315	1142.774	194.895	
	316	1143.264	193.736	
	317	1143.910	192.619	
	318	1144.626	191.635	
	319	1145.198	190.941	
	320	1145.888	190.513	
	321	1146.556	190.263	
	322	1147.081	190.235	
	323	1147.334	190.495	
	324	1147.609	190.747	
	325	1147.700	191.128	
	326	1147.867	191.299	
	327	1147.827	191.544	
	328	1147.774	191.586	
	329	1147.752	191.602	
	330	1147.652	191.608	
	331	1147.617	191.617	
	332	1147.588	191.731	
	333	1147.640	192.026	
	334	1147.641	192.177	
	335	1147.639	192.410	
	336	1147.715	192.593	
	337	1147.842	192.702	
	338	1148.016	192.891	
	339	1148.280	193.094	
	340	1148.597	193.383	
	341	1148.865	193.583	
	342	1149.113	193.798	
	343	1149.388	193.985	
	344	1149.553	194.084	
	345	1149.625	194.120	
	346	1149.739	194.166	
	347	1149.770	194.169	
	348	1149.903	194.212	
	349	1150.088	194.301	
	350	1150.210	194.403	
	351	1150.376	194.476	
	352	1150.373	194.633	
	353	1150.436	194.763	
	354	1150.380	194.758	
	355	1149.916	194.472	
	356	1149.723	194.225	
	357	1149.774	194.147	
	358	1149.954	194.418	
	359	1150.652	195.214	
	360	1151.502	196.522	
	361	1152.549	197.790	
	362	1153.413	198.927	
	363	1154.224	199.818	
	364	1154.591	200.329	
	365	1154.611	200.597	
	366	1154.234	200.691	
	367	1153.573	200.605	
	368	1152.647	200.525	
	369	1151.560	200.338	
	370	1150.419	200.177	
	371	1149.097	200.365	
	372	1147.762	200.705	
	373	1146.304	201.146	
	374	1144.520	201.134	
	375	1142.536	200.432	
	376	1140.165	199.359	
	377	1137.680	197.949	
	378	1135.005	196.581	
	379	1132.189	195.357	
	380	1129.399	194.430	
	381	1126.381	193.897	
	382	1123.360	193.688	
	383	1120.638	193.409	
	384	1117.863	193.152	
	385	1115.130	192.794	
	386	1112.602	192.241	
	387	1110.311	191.802	
	388	1108.432	191.310	
	389	1106.784	191.044	
	390	1105.663	190.872	
	391	1104.746	191.047	
	392	1104.092	191.156	
	393	1103.858	191.559	
	394	1104.050	191.808	
	395	1104.368	191.870	
	396	1105.039	191.745	
	397	1105.729	191.661	
	398	1106.328	191.443	
	399	1106.880	191.148	
	400	1107.210	190.875	
	401	1107.454	190.565	
	402	1107.766	190.100	
	403	1108.219	189.528	
	404	1109.009	189.280	
	405	1109.979	189.236	
	406	1111.421	189.171	
	407	1112.933	189.476	
	408	1114.722	189.899	
	409	1116.548	190.108	
	410	1118.237	189.953	
	411	1119.921	189.538	
	412	1121.591	189.095	
	413	1122.813	188.865	
	414	1124.074	188.862	
	415	1125.195	188.987	
	416	1126.321	189.355	
	417	1127.431	189.969	
	418	1128.404	190.674	
	419	1129.476	191.301	
	420	1130.394	192.221	
	421	1131.293	192.785	
	422	1131.818	193.005	
	423	1132.067	192.879	
	424	1132.434	192.242	
	425	1132.569	191.354	
	426	1132.793	190.797	
	427	1133.008	190.549	
	428	1133.351	190.922	
	429	1133.774	191.784	
	430	1134.256	192.914	
	431	1134.675	193.897	
	432	1134.852	194.119	
	433	1134.633	193.736	
	434	1134.267	193.111	
	435	1133.848	192.528	
	436	1133.450	192.130	
	437	1133.216	192.103	
	438	1133.195	192.547	
	439	1133.183	193.286	
	440	1133.231	193.846	
	441	1133.205	194.052	
	442	1132.931	193.796	
	443	1132.205	193.063	
	444	1130.878	192.102	
	445	1129.295	191.141	
	446	1127.530	190.587	
	447	1126.010	190.433	
	448	1124.866	190.602	
	449	1124.190	191.079	
	450	1124.031	191.765	
	451	1124.021	192.250	
	452	1124.099	192.424	
	453	1123.961	191.917	
	454	1123.619	191.215	
	455	1123.090	190.735	
	456	1122.480	190.718	
	457	1121.997	190.902	
	458	1121.756	191.403	
	459	1121.606	192.112	
	460	1121.582	192.623	
	461	1121.495	192.852	
	462	1121.427	192.725	
	463	1121.218	192.449	
	464	1120.963	192.175	
	465	1120.709	191.951	
	466	1120.466	191.915	
	467	1120.279	192.031	
	468	1120.210	192.313	
	469	1120.210	192.658	
	470	1120.231	192.845	
	471	1120.203	192.843	
	472	1120.246	192.698	
	473	1120.309	192.667	
	474	1120.410	192.642	
	475	1120.665	192.861	
	476	1121.105	193.088	
	477	1121.703	193.573	
	478	1122.217	194.137	
	479	1122.990	194.367	
	480	1123.690	194.401	
	481	1124.186	194.364	
	482	1124.641	194.201	
	483	1124.832	194.211	
	484	1125.137	193.791	
	485	1125.137	193.791	
	486	1125.653	194.251	
	487	1126.272	194.561	
	488	1126.474	194.575	
	489	1126.544	194.527	
	490	1126.538	194.428	
	491	1126.562	194.310	
	492	1126.593	194.292	
	493	1126.732	194.296	
	494	1126.795	194.382	
	495	1126.938	194.396	
	496	1126.981	194.475	
	497	1126.982	194.475	
	498	1126.920	194.386	


End of Keyframe Data

