Adobe After Effects 8.0 Keyframe Data

	Units Per Second	29.97
	Source Width	1920
	Source Height	1080
	Source Pixel Aspect Ratio	1
	Comp Pixel Aspect Ratio	1

Motion Trackers	Tracker #1	Track Point #1	Feature Center
	Frame	X pixels	Y pixels	
	0	858.000	200.000	
	1	863.300	207.057	
	2	868.757	216.739	
	3	873.874	227.862	
	4	878.396	239.629	
	5	881.658	248.916	
	6	884.300	254.531	
	7	886.118	257.481	
	8	887.687	257.538	
	9	889.706	255.653	
	10	891.925	253.396	
	11	894.956	252.138	
	12	898.832	252.215	
	13	903.445	253.553	
	14	907.982	254.678	
	15	912.465	254.269	
	16	917.517	252.910	
	17	922.384	250.308	
	18	926.734	247.640	
	19	930.557	246.748	
	20	934.326	248.968	
	21	938.380	254.282	
	22	943.110	262.699	
	23	948.380	272.412	
	24	955.031	280.090	
	25	963.278	284.092	
	26	973.455	283.914	
	27	986.593	279.478	
	28	1000.576	272.213	
	29	1014.936	263.642	
	30	1029.554	256.496	
	31	1045.531	252.228	
	32	1063.341	251.457	
	33	1081.432	253.587	
	34	1098.861	255.719	
	35	1114.025	256.649	
	36	1127.259	256.917	
	37	1138.208	256.000	
	38	1148.253	253.485	
	39	1157.706	250.216	
	40	1166.987	246.344	
	41	1175.817	242.284	
	42	1184.460	238.287	
	43	1193.678	235.207	
	44	1203.125	234.346	
	45	1213.929	234.457	
	46	1224.763	237.719	
	47	1236.693	243.026	
	48	1246.941	252.559	
	49	1255.643	257.583	
	50	1262.192	257.046	
	51	1266.652	256.393	
	52	1269.727	253.803	
	53	1272.288	250.212	
	54	1274.635	246.554	
	55	1276.480	245.608	
	56	1278.567	244.804	
	57	1279.942	244.384	
	58	1281.255	243.205	
	59	1281.910	242.118	
	60	1281.898	240.833	
	61	1281.760	239.840	
	62	1281.593	239.327	
	63	1281.323	239.362	
	64	1281.177	239.282	
	65	1280.561	239.691	
	66	1280.224	240.677	
	67	1279.935	241.584	
	68	1279.227	242.132	
	69	1278.643	242.106	
	70	1278.552	241.492	
	71	1278.786	240.940	
	72	1279.140	240.686	
	73	1279.406	240.406	
	74	1279.728	239.915	
	75	1280.091	239.394	
	76	1280.275	238.945	
	77	1279.841	238.390	
	78	1279.147	237.259	
	79	1278.536	236.977	
	80	1278.157	236.716	
	81	1278.115	236.575	
	82	1276.834	236.382	
	83	1276.834	236.382	
	84	1273.307	242.113	
	85	1267.463	246.727	
	86	1259.984	249.295	
	87	1251.205	250.267	
	88	1241.719	248.756	
	89	1231.670	244.845	
	90	1220.473	239.841	
	91	1208.242	234.989	
	92	1195.301	232.245	
	93	1182.453	230.694	
	94	1169.496	230.338	
	95	1156.781	231.903	
	96	1144.922	234.176	
	97	1133.953	236.525	
	98	1123.627	239.070	
	99	1114.362	241.774	
	100	1105.132	243.528	
	101	1095.262	243.596	
	102	1084.935	241.654	
	103	1073.615	237.528	
	104	1061.891	232.241	
	105	1049.892	227.215	
	106	1037.446	222.558	
	107	1025.405	219.242	
	108	1013.468	217.959	
	109	1002.240	219.062	
	110	990.314	222.196	
	111	978.060	225.691	
	112	966.156	228.463	
	113	954.456	229.473	
	114	943.425	228.175	
	115	932.303	224.758	
	116	921.126	220.086	
	117	909.402	215.531	
	118	897.600	211.644	
	119	885.380	209.085	
	120	873.400	209.202	
	121	861.257	211.417	
	122	849.178	214.987	
	123	838.921	217.994	
	124	827.287	219.351	
	125	817.044	219.105	
	126	808.072	217.362	
	127	800.484	215.712	
	128	793.158	214.426	
	129	787.000	214.035	
	130	781.477	215.331	
	131	776.360	218.502	
	132	771.618	223.851	
	133	767.041	230.911	
	134	767.041	230.911	
	135	767.041	230.911	
	136	764.928	239.281	
	137	762.384	245.325	
	138	760.208	249.913	
	139	758.692	253.749	
	140	757.305	257.552	
	141	755.746	261.853	
	142	754.195	266.439	
	143	752.528	270.814	
	144	750.541	274.327	
	145	747.854	276.730	
	146	744.544	278.243	
	147	740.881	279.236	
	148	737.147	280.127	
	149	733.363	280.849	
	150	729.721	281.134	
	151	726.945	281.072	
	152	724.085	280.517	
	153	721.297	279.458	
	154	718.147	277.953	
	155	715.012	276.490	
	156	712.161	275.026	
	157	709.814	273.555	
	158	707.808	272.165	
	159	706.297	270.915	
	160	705.383	270.021	
	161	705.043	269.659	
	162	705.272	269.811	
	163	705.572	270.546	
	164	705.862	271.575	
	165	706.569	272.435	
	166	707.212	272.859	
	167	707.435	273.038	
	168	707.439	273.015	
	169	707.274	272.670	
	170	706.948	272.225	
	171	706.588	271.684	
	172	706.134	271.050	
	173	705.652	270.604	
	174	705.342	270.356	
	175	705.077	270.410	
	176	705.072	270.644	
	177	705.317	271.257	
	178	705.510	271.883	
	179	705.766	272.687	
	180	705.930	273.203	
	181	705.970	273.417	
	182	705.971	273.405	
	183	705.827	273.300	
	184	705.851	273.306	
	185	706.076	273.357	
	186	706.878	273.620	
	187	708.410	274.516	
	188	710.654	275.776	
	189	713.871	277.748	
	190	717.867	280.016	
	191	722.640	282.666	
	192	728.081	285.083	
	193	733.903	286.893	
	194	740.084	287.879	
	195	746.460	287.553	
	196	752.436	286.245	
	197	758.453	283.864	
	198	764.201	280.411	
	199	769.447	276.180	
	200	774.386	270.964	
	201	778.733	264.975	
	202	783.223	258.859	
	203	787.518	252.376	
	204	791.582	246.138	
	205	794.926	240.773	
	206	798.015	235.831	
	207	800.871	231.882	
	208	803.286	228.618	
	209	805.369	225.771	
	210	807.554	223.031	
	211	809.644	219.883	
	212	811.935	215.893	
	213	813.918	211.501	
	214	815.312	208.584	
	215	816.922	207.301	
	216	818.886	207.615	
	217	821.705	209.793	
	218	824.531	212.466	
	219	827.706	215.480	
	220	831.640	218.371	
	221	836.056	221.245	
	222	840.775	224.058	
	223	846.213	226.781	
	224	852.113	229.820	
	225	858.409	233.123	
	226	864.964	236.887	
	227	871.776	241.513	
	228	878.487	247.594	
	229	884.193	254.811	
	230	888.787	262.389	
	231	892.092	270.428	
	232	894.180	277.527	
	233	894.981	283.100	
	234	895.606	287.959	
	235	895.554	292.337	
	236	895.384	296.887	
	237	895.439	301.473	
	238	895.157	306.010	
	239	895.011	310.748	
	240	894.908	315.982	
	241	894.848	321.283	
	242	895.546	324.778	
	243	895.546	324.778	
	244	896.977	326.747	
	245	899.056	326.758	
	246	901.952	326.113	
	247	904.653	325.914	
	248	907.327	326.225	
	249	910.221	327.698	
	250	910.221	327.698	
	251	912.242	332.519	
	252	914.682	338.541	
	253	916.894	346.178	
	254	918.405	356.188	
	255	919.155	368.742	
	256	919.254	383.599	
	257	918.408	398.451	
	258	917.165	413.158	
	259	915.725	427.441	
	260	913.530	441.634	
	261	913.530	441.634	
	262	912.286	454.221	
	263	910.458	467.872	
	264	908.766	480.401	
	265	906.595	491.260	
	266	904.659	500.311	
	267	903.330	507.278	
	268	902.539	512.953	
	269	902.031	515.989	
	270	901.792	517.600	
	271	901.748	517.840	
	272	902.027	517.615	
	273	903.011	517.474	
	274	904.065	518.276	
	275	905.800	520.446	
	276	907.694	523.479	
	277	908.911	526.912	
	278	910.348	530.356	
	279	911.826	533.141	
	280	913.400	536.280	
	281	914.565	539.947	
	282	915.887	544.654	
	283	917.456	549.776	
	284	919.157	553.538	
	285	920.080	554.365	
	286	920.302	553.602	
	287	919.820	552.586	
	288	919.001	551.759	
	289	917.867	551.672	
	290	917.108	552.389	
	291	916.607	553.389	
	292	916.120	553.649	
	293	915.378	552.954	
	294	914.825	551.620	
	295	914.457	550.935	
	296	914.404	551.006	
	297	915.114	551.460	
	298	915.460	550.690	


End of Keyframe Data

