Adobe After Effects 8.0 Keyframe Data

	Units Per Second	29.97
	Source Width	1920
	Source Height	1080
	Source Pixel Aspect Ratio	1
	Comp Pixel Aspect Ratio	1

Motion Trackers	Tracker #1	Track Point #1	Feature Center
	Frame	X pixels	Y pixels	
	0	14.000	92.000	
	1	14.855	91.772	
	2	15.789	91.610	
	3	16.649	91.672	
	4	19.113	91.540	
	5	21.338	91.757	
	6	23.948	92.435	
	7	26.687	93.373	
	8	29.680	94.713	
	9	32.850	96.071	
	10	36.518	97.299	
	11	40.087	98.493	
	12	43.713	98.985	
	13	47.608	98.959	
	14	51.291	98.647	
	15	54.421	98.244	
	16	57.553	98.506	
	17	60.372	98.344	
	18	62.597	98.197	
	19	64.873	97.758	
	20	67.354	97.508	
	21	69.553	96.944	
	22	71.605	96.979	
	23	73.942	97.254	
	24	75.951	98.289	
	25	78.686	99.577	
	26	81.219	101.761	
	27	83.965	103.795	
	28	86.779	106.184	
	29	89.539	108.427	
	30	92.186	110.069	
	31	94.820	111.044	
	32	97.383	111.759	
	33	99.933	112.425	
	34	102.394	112.718	
	35	104.922	112.724	
	36	107.782	112.446	
	37	110.921	111.850	
	38	113.790	111.402	
	39	116.990	111.157	
	40	120.404	111.178	
	41	123.620	111.730	
	42	127.369	112.898	
	43	130.965	114.661	
	44	134.720	116.710	
	45	138.663	118.916	
	46	142.478	120.946	
	47	146.306	122.473	
	48	150.206	123.464	
	49	153.816	123.667	
	50	157.225	123.847	
	51	160.571	123.815	
	52	163.587	123.893	
	53	166.426	123.634	
	54	169.088	123.401	
	55	171.615	123.142	
	56	174.192	123.260	
	57	176.673	123.762	
	58	179.446	124.775	
	59	181.997	126.231	
	60	184.927	128.470	
	61	187.966	130.750	
	62	191.044	133.169	
	63	194.573	135.416	
	64	197.588	137.572	
	65	200.358	139.111	
	66	203.196	140.005	
	67	205.905	140.422	
	68	208.740	140.534	
	69	211.354	140.516	
	70	214.353	140.336	
	71	217.181	139.896	
	72	220.201	139.570	
	73	223.356	139.276	
	74	226.779	139.439	
	75	230.267	139.992	
	76	233.864	140.978	
	77	237.556	142.476	
	78	241.670	144.257	
	79	245.669	146.505	
	80	249.837	148.665	
	81	254.111	150.660	
	82	258.362	151.989	
	83	262.606	152.880	
	84	266.635	153.362	
	85	270.816	153.475	
	86	274.765	153.193	
	87	278.141	152.983	
	88	281.014	152.514	
	89	283.779	152.264	
	90	286.617	152.083	
	91	289.386	152.326	
	92	292.425	153.107	
	93	295.424	154.373	
	94	298.655	156.127	
	95	301.942	158.386	
	96	305.494	160.795	
	97	308.990	163.553	
	98	312.539	165.945	
	99	316.032	167.700	
	100	319.430	168.901	
	101	322.610	169.620	
	102	325.946	170.144	
	103	329.230	170.405	
	104	332.749	170.455	
	105	336.504	170.181	
	106	340.433	169.660	
	107	344.465	169.237	
	108	348.617	168.935	
	109	352.886	169.213	
	110	357.314	169.875	
	111	361.815	171.156	
	112	366.619	172.939	
	113	371.606	174.696	
	114	376.641	177.234	
	115	382.189	179.366	
	116	387.667	181.280	
	117	392.943	182.372	
	118	398.384	183.321	
	119	403.664	183.838	
	120	408.649	184.111	
	121	413.393	184.369	
	122	418.762	183.564	
	123	422.560	182.843	
	124	426.036	182.424	
	125	429.986	182.125	
	126	433.785	182.391	
	127	437.780	183.138	
	128	441.769	184.630	
	129	446.024	186.635	
	130	450.319	189.360	
	131	454.500	192.449	
	132	459.000	195.446	
	133	463.319	198.056	
	134	467.558	199.812	
	135	471.672	201.175	
	136	475.926	201.911	
	137	480.161	202.413	
	138	484.401	202.838	
	139	488.655	202.632	
	140	493.540	202.345	
	141	498.734	200.912	
	142	503.197	200.092	
	143	507.618	200.140	
	144	512.347	200.309	
	145	517.313	201.272	
	146	522.506	202.519	
	147	527.704	204.621	
	148	532.977	207.079	
	149	538.508	209.583	
	150	544.140	212.214	
	151	549.892	213.951	
	152	555.388	215.218	
	153	560.922	215.776	
	154	566.154	216.147	
	155	571.088	216.606	
	156	575.811	216.613	
	157	580.359	216.661	
	158	584.357	216.593	
	159	588.368	216.595	
	160	592.311	217.012	
	161	596.156	217.667	
	162	600.171	218.911	
	163	604.177	220.700	
	164	608.128	223.175	
	165	612.269	225.934	
	166	616.512	228.763	
	167	620.755	231.520	
	168	625.254	233.531	
	169	629.345	235.515	
	170	633.826	236.558	
	171	638.061	237.374	
	172	642.431	238.240	
	173	646.773	238.631	
	174	651.103	239.111	
	175	655.644	239.102	
	176	660.401	239.236	
	177	664.755	239.679	
	178	669.330	240.362	
	179	673.888	241.614	
	180	678.701	242.996	
	181	683.799	245.106	
	182	689.024	247.672	
	183	694.277	250.180	
	184	699.742	252.906	
	185	705.579	255.326	
	186	711.079	257.183	
	187	716.631	258.481	
	188	722.016	259.376	
	189	727.071	260.175	
	190	731.403	260.710	
	191	735.242	261.225	
	192	739.006	261.329	
	193	741.976	261.497	
	194	745.285	261.551	
	195	748.219	262.083	
	196	751.154	263.092	
	197	754.088	264.576	
	198	757.407	266.847	
	199	760.679	269.650	
	200	764.026	273.033	
	201	767.910	276.556	
	202	771.472	279.678	
	203	774.811	282.400	
	204	778.072	284.397	
	205	780.854	285.849	
	206	783.475	287.000	
	207	786.466	288.011	
	208	789.616	288.505	
	209	793.185	288.554	
	210	796.889	288.133	
	211	800.289	287.508	
	212	803.587	286.922	
	213	807.470	286.662	
	214	811.375	286.658	
	215	815.586	286.948	
	216	820.208	287.816	
	217	824.954	289.307	
	218	830.260	291.286	
	219	835.789	293.831	
	220	840.757	295.243	
	221	845.474	296.470	
	222	849.640	296.641	
	223	853.584	296.006	
	224	857.117	294.842	
	225	860.341	293.567	
	226	863.592	292.774	
	227	866.323	292.324	
	228	869.089	291.979	
	229	871.491	292.128	
	230	873.807	291.884	
	231	876.031	292.172	
	232	878.313	291.737	
	233	880.582	291.509	
	234	882.875	291.086	
	235	885.156	290.387	
	236	887.389	290.111	
	237	889.781	289.348	
	238	892.173	288.921	
	239	894.693	288.318	
	240	897.351	287.571	
	241	900.231	287.000	
	242	903.135	286.250	
	243	906.318	285.622	
	244	909.416	285.073	
	245	912.482	284.427	
	246	915.708	284.176	
	247	919.067	283.433	
	248	922.308	283.428	
	249	925.596	283.111	
	250	928.828	282.272	
	251	932.087	281.467	
	252	935.382	280.011	
	253	938.475	279.121	
	254	941.465	278.360	
	255	943.949	278.369	
	256	946.029	278.596	
	257	947.779	278.553	
	258	949.116	278.768	
	259	950.097	278.282	
	260	950.853	278.127	
	261	951.136	278.113	
	262	951.447	277.852	
	263	951.674	278.116	
	264	952.185	277.858	
	265	952.837	277.859	
	266	953.586	277.849	
	267	954.530	277.565	
	268	955.530	277.573	
	269	956.558	277.344	
	270	957.558	277.353	
	271	958.555	277.353	
	272	959.061	277.375	
	273	959.567	277.354	
	274	959.957	277.241	
	275	960.113	277.127	
	276	960.249	276.996	
	277	960.252	276.989	
	278	960.304	276.897	
	279	960.329	276.825	
	280	960.194	276.698	
	281	960.032	276.514	
	282	959.801	276.402	
	283	959.503	276.778	
	284	958.638	277.725	
	285	958.147	278.830	
	286	957.179	280.741	
	287	956.082	281.463	
	288	954.944	281.272	
	289	954.063	280.409	
	290	953.514	279.194	
	291	953.335	278.510	
	292	953.488	277.657	
	293	953.613	277.184	
	294	953.848	276.488	
	295	953.926	275.304	
	296	953.784	274.659	
	297	953.556	273.772	
	298	953.232	273.567	
	299	952.809	273.123	
	300	952.482	272.909	
	301	952.028	272.463	
	302	951.435	272.080	
	303	950.501	271.876	
	304	949.274	271.453	
	305	947.500	271.459	
	306	945.564	271.152	
	307	943.306	270.918	
	308	940.779	270.927	
	309	938.273	270.566	
	310	935.253	270.771	
	311	932.102	270.469	
	312	928.958	270.203	
	313	925.878	269.789	
	314	922.879	269.304	
	315	919.913	269.005	
	316	916.997	268.520	
	317	913.992	267.921	
	318	911.223	267.661	
	319	908.512	267.183	
	320	906.002	266.939	
	321	903.981	266.771	
	322	902.166	266.626	
	323	900.899	266.167	
	324	899.800	265.623	
	325	899.309	264.940	
	326	899.079	264.248	
	327	899.083	263.732	
	328	899.310	263.055	
	329	899.734	262.323	
	330	900.468	261.818	
	331	901.457	261.234	
	332	902.655	260.712	
	333	904.294	259.740	
	334	906.028	258.983	
	335	908.123	258.073	
	336	910.246	257.279	
	337	912.621	256.133	
	338	915.070	254.786	
	339	917.223	253.621	
	340	919.583	252.036	
	341	921.576	251.051	
	342	923.584	249.719	
	343	925.502	248.518	
	344	927.334	247.517	
	345	928.813	246.751	
	346	930.210	246.303	
	347	931.682	245.545	
	348	933.098	244.783	
	349	934.341	244.487	
	350	935.787	243.941	
	351	937.001	243.459	
	352	938.313	243.106	
	353	939.512	242.834	
	354	940.478	242.742	
	355	941.562	242.486	
	356	942.529	242.304	
	357	943.402	242.021	
	358	944.247	241.845	
	359	944.818	241.714	
	360	945.614	241.561	
	361	946.107	241.328	
	362	946.548	241.190	
	363	947.071	241.125	
	364	947.377	240.858	
	365	947.688	240.611	
	366	947.683	240.435	
	367	947.646	240.329	
	368	947.379	240.329	
	369	946.894	239.955	
	370	946.241	239.774	
	371	945.378	239.703	
	372	944.293	239.675	
	373	943.127	239.619	
	374	941.842	239.626	
	375	940.363	239.694	
	376	938.749	239.816	
	377	937.141	240.028	
	378	935.445	240.088	
	379	933.685	240.128	
	380	931.739	240.429	
	381	929.781	240.412	
	382	927.682	240.713	
	383	925.363	240.597	
	384	923.140	240.589	
	385	920.685	240.410	
	386	918.438	240.191	
	387	916.223	239.931	
	388	913.941	239.885	
	389	911.932	239.639	
	390	909.902	239.385	
	391	908.122	239.410	
	392	906.228	239.385	
	393	904.461	239.395	
	394	902.617	239.670	
	395	900.849	239.888	
	396	899.252	240.047	
	397	897.997	239.792	
	398	897.017	239.554	
	399	896.498	239.045	
	400	896.241	238.669	
	401	896.219	238.349	
	402	896.291	238.084	
	403	896.617	237.762	
	404	896.810	237.513	
	405	896.985	237.309	
	406	897.261	236.737	
	407	897.475	236.190	
	408	897.507	235.772	
	409	897.535	235.278	
	410	897.412	234.660	
	411	897.205	234.316	
	412	896.715	233.549	
	413	896.181	233.049	
	414	895.462	232.234	
	415	894.820	231.411	
	416	893.994	230.319	
	417	893.283	229.265	
	418	892.485	228.180	
	419	891.734	227.147	
	420	890.973	226.340	
	421	890.543	225.453	
	422	889.970	224.745	
	423	889.661	224.171	
	424	889.403	223.433	
	425	889.353	222.855	
	426	889.295	222.268	
	427	889.536	221.828	
	428	889.746	221.406	
	429	890.100	220.885	
	430	890.357	220.519	
	431	890.823	220.009	
	432	891.187	219.540	
	433	891.683	218.964	
	434	892.190	218.312	
	435	892.440	218.054	
	436	892.721	217.578	
	437	892.952	217.323	
	438	893.089	217.074	
	439	893.220	216.781	
	440	893.203	216.541	
	441	893.156	216.179	
	442	893.114	215.760	
	443	892.892	215.688	
	444	892.678	215.631	
	445	892.456	215.618	
	446	892.248	215.499	
	447	892.074	215.487	
	448	891.875	215.493	
	449	891.691	215.494	
	450	891.660	215.703	
	451	891.915	215.437	
	452	891.929	215.649	
	453	892.479	215.444	
	454	892.976	215.633	
	455	893.564	215.652	
	456	894.343	215.629	
	457	895.103	215.751	
	458	895.846	215.720	
	459	896.576	215.598	
	460	897.176	215.559	
	461	897.660	215.060	
	462	897.894	215.060	
	463	897.998	214.871	
	464	898.004	214.935	
	465	897.628	215.072	
	466	896.980	215.447	
	467	896.422	215.759	
	468	895.910	215.896	
	469	895.440	216.779	
	470	895.173	217.131	
	471	895.314	217.348	
	472	895.421	217.685	
	473	895.486	217.932	
	474	895.469	218.082	
	475	895.462	218.192	
	476	895.267	218.630	
	477	895.031	219.104	
	478	895.024	219.419	
	479	895.306	219.735	
	480	895.833	219.956	
	481	896.623	220.097	
	482	897.737	220.088	
	483	898.844	220.318	
	484	900.324	220.334	
	485	901.665	220.565	
	486	903.220	221.021	
	487	904.703	221.522	
	488	906.247	221.911	
	489	907.859	222.382	
	490	909.560	223.046	
	491	911.239	223.693	
	492	912.722	224.707	
	493	914.487	225.635	
	494	916.028	226.801	
	495	917.635	227.665	
	496	919.382	228.453	
	497	920.884	229.223	
	498	922.323	230.270	
	499	923.335	231.503	
	500	924.547	232.420	
	501	925.536	233.207	
	502	926.317	233.865	
	503	927.117	234.159	
	504	927.626	234.653	
	505	928.080	235.160	
	506	928.576	235.676	
	507	928.988	236.296	
	508	929.453	236.689	
	509	929.705	237.239	
	510	930.018	237.556	
	511	930.462	237.857	
	512	930.726	237.999	
	513	930.996	238.103	
	514	931.407	238.022	
	515	931.737	237.931	
	516	931.965	237.805	
	517	932.200	237.650	
	518	932.415	237.534	
	519	932.410	237.416	
	520	932.385	237.314	
	521	932.244	237.351	
	522	931.998	237.182	
	523	931.744	237.033	
	524	931.231	236.596	
	525	930.711	236.316	
	526	929.905	236.241	
	527	929.199	235.537	
	528	928.348	235.155	
	529	927.371	234.824	
	530	926.329	234.417	
	531	925.322	234.171	
	532	924.377	233.536	
	533	923.091	233.295	
	534	921.813	232.791	
	535	920.598	232.271	
	536	919.110	231.735	
	537	917.601	230.985	
	538	916.072	230.369	
	539	914.588	229.581	
	540	913.031	228.931	
	541	911.488	228.270	
	542	909.992	227.695	
	543	908.493	227.423	
	544	907.218	226.911	
	545	905.728	226.545	
	546	904.495	226.062	
	547	903.375	225.612	
	548	902.372	225.129	
	549	901.362	224.384	
	550	900.371	224.041	
	551	899.439	223.564	
	552	898.658	223.094	
	553	897.827	222.786	
	554	897.144	222.310	
	555	896.418	221.931	
	556	895.752	221.294	
	557	895.201	220.484	
	558	894.727	220.150	
	559	894.291	219.583	
	560	893.926	219.117	
	561	893.459	218.866	
	562	892.935	218.629	
	563	892.664	218.389	
	564	892.183	218.148	
	565	891.818	218.053	
	566	891.390	218.168	
	567	891.124	218.141	
	568	890.808	218.378	
	569	890.474	218.641	
	570	890.133	218.875	
	571	889.687	219.661	
	572	889.330	220.234	
	573	889.115	220.696	
	574	888.879	221.201	
	575	888.777	221.947	
	576	888.735	222.552	
	577	888.543	223.345	
	578	888.582	224.037	
	579	888.580	224.934	
	580	888.731	225.516	
	581	888.729	226.278	
	582	888.941	227.241	
	583	889.207	227.984	
	584	889.302	229.102	
	585	889.533	229.851	
	586	889.968	230.614	
	587	889.970	231.639	
	588	889.953	232.996	
	589	890.198	233.837	
	590	890.410	234.659	
	591	890.676	235.275	
	592	890.954	235.872	
	593	891.233	236.416	
	594	891.474	236.671	
	595	891.870	237.139	
	596	892.130	237.427	
	597	892.388	237.682	
	598	892.573	237.954	
	599	892.734	238.268	
	600	892.859	238.465	
	601	892.905	238.730	
	602	892.944	238.999	
	603	892.960	239.129	
	604	892.968	239.238	
	605	892.933	238.993	
	606	892.891	238.764	
	607	892.488	238.589	
	608	892.292	238.208	
	609	891.854	238.092	
	610	891.646	238.010	
	611	891.598	237.918	
	612	891.739	237.944	
	613	892.090	237.554	
	614	892.510	237.156	
	615	893.106	236.442	
	616	893.437	235.937	
	617	893.772	235.409	
	618	893.961	235.161	
	619	894.159	234.953	
	620	894.089	235.198	
	621	894.119	235.299	
	622	894.263	235.734	
	623	894.475	236.078	
	624	894.465	236.862	
	625	894.662	237.245	
	626	894.654	238.028	
	627	894.957	238.255	
	628	895.656	238.270	
	629	896.413	237.954	
	630	897.424	237.001	
	631	898.615	236.197	
	632	899.647	235.343	
	633	900.577	234.630	
	634	901.255	234.364	
	635	901.794	233.932	
	636	902.105	233.892	
	637	902.218	233.626	
	638	902.112	233.634	
	639	902.021	233.602	
	640	901.726	233.302	
	641	901.417	232.795	
	642	901.153	232.610	
	643	900.912	232.258	
	644	901.004	231.360	
	645	900.985	230.627	
	646	901.370	229.783	
	647	901.569	228.528	
	648	901.949	227.344	
	649	902.467	226.078	
	650	902.845	225.166	
	651	903.196	224.388	
	652	903.481	223.832	
	653	903.491	223.557	
	654	903.466	223.323	
	655	903.401	223.254	
	656	903.315	222.924	
	657	903.193	222.616	
	658	902.965	222.101	
	659	903.063	221.485	
	660	902.677	220.922	
	661	902.441	220.381	
	662	901.967	220.117	
	663	901.741	219.647	
	664	901.526	219.273	
	665	901.430	219.172	
	666	901.320	219.053	
	667	901.383	218.930	
	668	901.477	218.846	
	669	901.950	218.580	
	670	902.587	218.369	
	671	903.276	217.942	
	672	903.996	217.924	
	673	904.681	217.503	
	674	905.411	217.264	
	675	906.104	216.840	
	676	906.625	216.591	
	677	907.033	216.108	
	678	907.051	215.847	
	679	907.062	215.605	
	680	906.680	215.521	
	681	906.278	215.401	
	682	905.753	215.404	
	683	905.474	215.518	
	684	905.154	215.659	
	685	905.144	215.428	
	686	905.143	215.429	
	687	905.143	215.428	
	688	905.108	215.597	
	689	905.020	215.889	
	690	905.007	216.158	
	691	905.533	216.120	
	692	906.034	215.829	
	693	906.800	215.207	
	694	907.846	214.571	
	695	908.375	214.593	
	696	908.859	214.405	
	697	909.169	214.604	
	698	909.527	214.517	
	699	909.842	214.436	
	700	910.290	214.140	
	701	910.654	213.867	
	702	911.175	213.619	
	703	911.569	213.530	
	704	911.803	213.567	
	705	911.818	213.987	
	706	912.049	214.370	
	707	912.294	215.042	
	708	913.040	215.224	
	709	914.135	215.258	
	710	915.416	215.431	
	711	916.834	215.527	
	712	918.313	215.787	
	713	919.831	216.066	
	714	921.625	216.308	
	715	923.373	216.550	
	716	925.246	216.689	
	717	926.976	217.173	
	718	928.514	217.416	
	719	930.063	218.047	
	720	931.308	219.108	
	721	932.328	220.023	
	722	933.066	221.093	
	723	933.662	221.490	
	724	934.144	221.694	
	725	934.647	221.502	
	726	935.250	221.159	
	727	935.864	220.891	
	728	936.527	220.487	
	729	936.979	220.501	
	730	937.283	220.640	
	731	937.311	220.746	
	732	937.268	221.067	
	733	937.028	221.023	
	734	936.793	220.991	
	735	936.693	220.951	
	736	936.573	220.591	
	737	936.419	220.242	
	738	936.380	219.581	
	739	936.109	219.376	
	740	935.770	218.756	
	741	935.324	218.643	
	742	934.716	218.414	
	743	934.110	217.939	
	744	933.306	217.713	
	745	932.370	217.267	
	746	931.143	216.755	
	747	930.000	216.244	
	748	928.792	215.654	
	749	927.335	215.355	
	750	926.027	214.538	
	751	924.203	214.208	
	752	922.637	213.684	
	753	920.891	212.942	
	754	919.159	212.453	
	755	917.434	211.760	
	756	915.716	211.204	
	757	914.170	210.616	
	758	912.663	209.968	
	759	911.142	209.916	
	760	909.842	209.667	
	761	908.534	209.548	
	762	907.471	209.309	
	763	906.683	208.844	
	764	905.875	208.609	
	765	905.390	208.228	
	766	905.244	208.113	
	767	905.202	208.063	
	768	905.600	207.881	
	769	905.925	207.868	
	770	906.361	207.566	
	771	906.682	207.459	
	772	906.836	207.318	
	773	906.637	207.239	
	774	906.425	207.168	
	775	906.322	207.085	
	776	905.904	207.169	
	777	905.599	207.309	
	778	905.101	207.681	
	779	904.698	208.070	
	780	904.385	208.303	
	781	903.927	209.211	
	782	903.696	209.468	
	783	903.475	209.927	
	784	903.088	210.644	
	785	902.832	210.950	
	786	902.520	211.487	
	787	902.256	211.995	
	788	901.919	212.791	
	789	901.668	213.537	
	790	901.416	214.038	
	791	901.071	215.057	
	792	900.911	215.579	
	793	900.625	216.235	
	794	900.371	216.858	
	795	900.109	217.379	
	796	899.776	218.210	
	797	899.634	218.638	
	798	899.418	219.295	
	799	899.275	219.724	
	800	899.138	220.260	
	801	899.099	220.652	
	802	899.092	220.963	
	803	899.045	221.402	
	804	899.127	221.696	
	805	899.260	221.940	
	806	899.333	222.254	
	807	899.511	222.355	
	808	899.839	222.620	
	809	899.969	222.742	
	810	900.211	223.044	
	811	900.493	223.111	
	812	900.741	223.178	
	813	901.092	223.165	
	814	901.403	223.156	
	815	901.733	223.207	
	816	901.819	223.172	
	817	902.054	223.178	
	818	902.250	222.959	
	819	902.315	222.837	
	820	902.392	222.770	
	821	902.426	222.698	
	822	902.449	222.649	
	823	902.406	222.537	
	824	902.376	222.493	
	825	902.334	222.451	
	826	902.394	222.269	
	827	902.441	222.074	
	828	902.891	221.575	
	829	903.383	221.035	
	830	903.922	220.685	
	831	904.188	220.689	
	832	904.463	220.551	
	833	904.671	220.526	
	834	904.847	220.588	
	835	905.087	220.560	
	836	905.272	220.654	
	837	905.542	220.502	
	838	905.710	220.537	
	839	905.839	220.569	
	840	906.032	220.559	
	841	906.150	220.577	
	842	906.231	220.602	
	843	906.373	220.525	
	844	906.490	220.458	
	845	906.770	220.080	
	846	906.823	219.964	
	847	906.969	219.788	
	848	906.915	219.812	
	849	906.923	219.690	
	850	906.898	219.650	
	851	906.824	219.630	
	852	906.728	219.612	
	853	906.593	219.717	
	854	906.239	219.902	
	855	906.157	220.053	
	856	905.847	219.916	
	857	905.802	219.978	
	858	905.632	220.013	
	859	905.433	220.072	
	860	905.233	220.167	
	861	904.980	220.289	
	862	904.824	220.398	
	863	904.642	220.538	
	864	904.521	220.560	
	865	904.370	220.591	
	866	904.201	220.622	
	867	904.088	220.719	
	868	903.957	220.835	
	869	903.819	220.893	
	870	903.667	220.958	
	871	903.523	220.997	
	872	903.348	221.046	
	873	903.234	221.053	
	874	903.094	221.051	
	875	903.061	221.084	
	876	902.939	221.038	
	877	902.746	221.068	
	878	902.538	221.107	
	879	902.232	221.271	
	880	902.016	221.212	
	881	901.757	221.255	
	882	901.592	221.300	
	883	901.407	221.365	
	884	901.247	221.343	
	885	901.132	221.309	
	886	900.885	221.383	
	887	900.795	221.289	
	888	900.682	221.245	
	889	900.539	221.192	
	890	900.382	221.143	
	891	900.087	221.171	
	892	899.842	221.165	
	893	899.549	221.414	
	894	899.180	221.723	
	895	898.869	221.915	
	896	898.472	222.195	
	897	898.300	222.486	
	898	898.072	222.690	
	899	897.889	222.961	
	900	897.755	223.521	
	901	897.687	223.813	
	902	897.621	224.135	
	903	897.666	224.389	
	904	897.679	224.654	
	905	897.813	224.945	
	906	897.937	225.238	
	907	898.176	225.445	
	908	898.416	225.675	
	909	898.592	225.939	
	910	899.000	226.233	
	911	899.226	226.409	
	912	899.405	226.610	
	913	899.707	226.956	
	914	900.007	227.189	
	915	900.289	227.419	
	916	900.679	227.450	
	917	901.011	227.608	
	918	901.216	227.600	
	919	901.381	227.605	
	920	901.543	227.599	
	921	901.716	227.665	
	922	901.869	227.729	
	923	902.055	227.785	
	924	902.194	227.840	
	925	902.305	227.913	
	926	902.416	227.971	
	927	902.504	228.045	
	928	902.534	228.123	
	929	902.529	228.223	
	930	902.547	228.313	
	931	902.623	228.289	
	932	902.628	228.301	
	933	902.594	228.345	
	934	902.554	228.376	
	935	902.506	228.419	
	936	902.433	228.399	
	937	902.371	228.383	
	938	902.304	228.368	
	939	902.275	228.344	
	940	902.165	228.228	
	941	902.093	228.149	
	942	902.003	228.078	
	943	901.878	227.962	
	944	901.737	227.842	
	945	901.603	227.712	
	946	901.366	227.709	
	947	900.933	227.661	
	948	900.719	227.589	
	949	900.516	227.480	
	950	900.152	227.427	
	951	899.725	227.372	
	952	899.485	227.246	
	953	898.978	227.465	
	954	898.544	227.390	
	955	898.044	227.052	
	956	897.513	226.704	
	957	896.936	225.949	
	958	896.218	225.516	
	959	895.654	224.762	
	960	895.266	224.205	
	961	895.085	223.254	
	962	894.838	222.647	
	963	894.746	221.979	
	964	894.719	221.125	
	965	894.573	220.673	
	966	894.601	220.142	
	967	894.595	219.638	
	968	894.535	219.042	
	969	894.562	218.628	
	970	894.529	218.180	
	971	894.469	217.520	
	972	894.459	217.281	
	973	894.341	216.649	
	974	894.337	216.155	
	975	894.198	215.804	
	976	894.003	215.485	
	977	893.735	215.453	
	978	893.482	215.415	
	979	893.312	215.598	
	980	893.111	215.771	
	981	893.228	215.759	
	982	893.330	215.742	
	983	893.444	215.673	
	984	893.739	215.441	
	985	894.056	215.180	
	986	894.335	215.140	
	987	894.577	215.087	
	988	894.845	214.887	
	989	895.127	214.724	
	990	895.399	214.571	
	991	895.751	214.168	
	992	895.757	214.154	
	993	896.000	214.127	
	994	896.243	214.103	
	995	896.340	214.121	
	996	896.428	214.156	
	997	896.329	214.277	
	998	896.178	214.459	
	999	895.992	214.653	
	1000	895.845	214.825	
	1001	895.703	215.218	
	1002	895.549	215.595	
	1003	895.395	215.991	
	1004	895.147	216.438	
	1005	894.870	216.683	
	1006	894.424	217.196	
	1007	893.864	217.515	
	1008	892.853	217.952	
	1009	892.017	218.361	
	1010	890.767	219.126	
	1011	889.791	219.847	
	1012	888.749	220.804	
	1013	887.764	221.494	
	1014	886.960	222.193	
	1015	886.104	222.503	
	1016	885.388	222.817	
	1017	884.660	222.729	
	1018	884.037	222.651	
	1019	883.288	222.885	
	1020	882.597	223.049	
	1021	881.692	223.248	
	1022	880.882	223.520	
	1023	879.990	223.960	
	1024	879.467	224.241	
	1025	878.774	224.472	
	1026	878.197	224.873	
	1027	877.803	224.911	
	1028	877.711	224.309	
	1029	877.821	223.818	
	1030	878.495	222.910	
	1031	879.146	222.018	
	1032	879.582	221.492	
	1033	880.047	221.505	
	1034	880.348	221.891	
	1035	880.755	222.036	
	1036	880.970	222.700	
	1037	881.239	223.128	
	1038	881.294	223.464	
	1039	881.356	223.775	
	1040	881.497	223.825	
	1041	881.658	223.376	
	1042	882.242	222.584	
	1043	882.511	222.394	
	1044	883.010	221.607	
	1045	883.378	220.886	
	1046	883.557	220.725	
	1047	883.647	220.231	
	1048	883.710	219.937	
	1049	883.628	219.769	
	1050	883.690	219.359	
	1051	883.779	219.123	
	1052	883.919	218.886	
	1053	884.249	218.566	
	1054	885.008	218.481	
	1055	885.730	218.157	
	1056	886.612	217.780	
	1057	887.693	217.753	
	1058	888.964	217.697	
	1059	890.507	217.408	
	1060	892.077	217.293	
	1061	893.996	216.873	
	1062	895.990	216.445	
	1063	898.257	216.153	
	1064	900.904	215.599	
	1065	903.494	215.387	
	1066	906.044	215.466	
	1067	908.511	215.640	
	1068	910.826	216.010	
	1069	913.344	215.554	
	1070	915.591	214.519	
	1071	918.028	213.324	
	1072	920.269	211.940	
	1073	922.237	211.260	
	1074	923.708	210.479	
	1075	924.701	210.447	
	1076	925.723	210.474	
	1077	926.426	210.854	
	1078	926.891	211.414	
	1079	927.400	211.761	
	1080	927.842	212.098	
	1081	928.535	211.720	
	1082	929.205	211.342	
	1083	929.790	210.746	
	1084	930.482	210.114	
	1085	930.888	209.519	
	1086	931.314	209.013	
	1087	931.549	208.744	
	1088	931.737	208.598	
	1089	931.845	208.570	
	1090	931.643	209.011	
	1091	931.460	209.519	
	1092	931.109	210.104	
	1093	931.080	210.417	
	1094	930.972	210.637	
	1095	930.898	210.253	
	1096	931.142	209.432	
	1097	931.149	208.962	
	1098	931.331	208.136	
	1099	931.598	207.741	
	1100	931.884	207.565	
	1101	932.317	207.486	
	1102	932.362	207.884	
	1103	932.230	208.318	
	1104	931.964	208.811	
	1105	931.581	209.740	
	1106	931.199	210.282	
	1107	930.638	210.942	
	1108	930.359	210.922	
	1109	930.203	210.710	
	1110	930.018	210.513	
	1111	929.858	210.205	
	1112	929.705	209.864	
	1113	929.457	209.837	
	1114	929.232	209.832	
	1115	928.857	209.786	
	1116	928.529	209.868	
	1117	927.969	209.865	
	1118	927.286	209.845	
	1119	926.506	209.853	
	1120	925.579	209.878	
	1121	924.588	210.211	
	1122	923.561	210.277	
	1123	922.236	210.797	
	1124	921.206	211.094	
	1125	919.899	211.742	
	1126	918.600	212.223	
	1127	917.094	212.759	
	1128	915.580	213.494	
	1129	914.058	214.230	
	1130	912.504	215.143	
	1131	911.017	215.842	
	1132	909.477	216.412	
	1133	908.195	217.174	
	1134	906.831	217.517	
	1135	905.525	218.064	
	1136	904.223	218.427	
	1137	902.839	219.180	
	1138	901.306	219.847	
	1139	899.886	220.589	
	1140	898.404	221.102	
	1141	896.753	221.350	
	1142	895.333	221.431	
	1143	894.056	221.302	
	1144	892.665	221.114	
	1145	891.418	220.826	
	1146	890.416	220.513	
	1147	889.244	220.125	
	1148	888.261	219.855	
	1149	887.200	219.442	
	1150	886.165	219.180	
	1151	885.367	218.822	
	1152	884.266	218.492	
	1153	883.494	218.303	
	1154	882.933	217.836	
	1155	882.454	217.571	
	1156	882.175	216.933	
	1157	882.106	216.388	
	1158	882.312	215.642	
	1159	882.508	214.981	
	1160	882.839	214.705	
	1161	882.953	214.691	
	1162	883.084	214.861	
	1163	883.265	215.296	
	1164	883.434	215.697	
	1165	883.649	215.936	
	1166	884.027	216.288	
	1167	884.314	216.351	
	1168	884.650	216.193	
	1169	885.162	216.192	
	1170	885.675	215.896	
	1171	886.204	215.640	
	1172	886.914	215.653	
	1173	887.426	215.416	
	1174	887.928	215.399	
	1175	888.437	215.383	
	1176	888.913	215.388	
	1177	889.420	215.624	
	1178	889.879	216.085	
	1179	890.398	216.576	
	1180	890.868	217.361	
	1181	891.111	218.309	
	1182	891.107	218.798	
	1183	890.469	219.242	
	1184	889.607	218.691	
	1185	888.555	217.419	
	1186	887.979	215.666	
	1187	888.621	212.796	
	1188	890.224	209.917	
	1189	893.982	207.270	
	1190	899.216	206.645	
	1191	903.819	210.427	
	1192	909.265	211.625	
	1193	914.355	212.183	
	1194	918.490	212.995	
	1195	921.753	213.972	
	1196	924.033	214.678	
	1197	925.520	214.964	
	1198	926.753	215.263	
	1199	927.460	215.978	
	1200	927.875	217.295	
	1201	928.125	219.394	
	1202	928.630	221.096	
	1203	928.493	223.367	
	1204	928.567	224.971	
	1205	928.143	226.470	
	1206	927.603	227.166	
	1207	927.237	226.983	
	1208	926.737	226.530	
	1209	926.693	225.202	
	1210	926.695	223.659	
	1211	926.912	221.919	
	1212	927.484	220.293	
	1213	928.251	218.511	
	1214	929.440	216.586	
	1215	930.819	214.868	
	1216	932.444	213.058	
	1217	934.303	211.727	
	1218	936.121	210.465	
	1219	938.057	209.366	
	1220	940.279	209.127	
	1221	942.401	209.133	
	1222	944.648	209.347	
	1223	947.074	209.310	
	1224	949.576	208.878	
	1225	952.173	208.116	
	1226	954.814	207.402	
	1227	957.740	206.685	
	1228	960.707	205.769	
	1229	963.457	205.320	
	1230	965.950	205.082	
	1231	968.290	204.656	
	1232	970.550	204.448	
	1233	973.018	204.240	
	1234	975.488	203.835	
	1235	977.962	203.539	
	1236	980.242	202.890	
	1237	982.163	202.268	
	1238	983.448	201.778	
	1239	984.439	201.304	
	1240	985.425	200.815	
	1241	985.997	200.670	
	1242	986.134	200.445	
	1243	985.986	200.090	
	1244	985.943	200.045	
	1245	985.798	199.710	
	1246	985.697	199.179	
	1247	985.455	198.505	
	1248	984.834	197.926	
	1249	984.023	197.346	
	1250	982.998	196.903	
	1251	982.029	196.439	
	1252	980.792	196.018	
	1253	979.393	195.726	
	1254	978.026	195.527	
	1255	976.361	195.163	
	1256	974.797	194.833	
	1257	973.321	194.682	
	1258	971.786	194.286	
	1259	970.350	194.057	
	1260	969.066	193.761	
	1261	968.048	193.391	
	1262	967.562	193.238	
	1263	967.379	192.664	
	1264	967.414	192.357	
	1265	967.879	191.545	
	1266	968.632	190.983	
	1267	969.633	190.646	
	1268	970.838	189.980	
	1269	972.320	189.435	
	1270	973.833	188.561	
	1271	975.539	187.748	
	1272	977.271	186.861	
	1273	978.860	186.130	
	1274	980.636	185.538	
	1275	982.368	185.049	
	1276	984.070	184.577	
	1277	985.603	184.377	
	1278	987.143	184.161	
	1279	988.622	183.878	
	1280	989.920	183.497	
	1281	991.194	183.295	
	1282	992.437	183.253	
	1283	993.404	182.884	
	1284	994.129	182.730	
	1285	994.770	182.518	
	1286	994.969	182.454	
	1287	995.022	182.190	
	1288	994.751	181.896	
	1289	994.295	181.585	
	1290	993.428	181.261	
	1291	992.382	181.090	
	1292	991.011	180.895	
	1293	989.529	180.690	
	1294	988.059	180.615	
	1295	986.508	180.329	
	1296	984.947	180.337	
	1297	983.380	180.420	
	1298	981.731	180.502	
	1299	979.951	180.580	
	1300	978.177	180.273	
	1301	975.883	179.776	
	1302	973.737	178.831	
	1303	971.844	178.443	
	1304	970.421	178.840	
	1305	969.210	178.795	
	1306	967.789	178.918	
	1307	966.640	178.595	
	1308	965.604	178.376	
	1309	964.645	178.125	
	1310	963.897	177.530	
	1311	963.349	177.309	
	1312	963.080	177.062	
	1313	963.235	176.992	
	1314	963.743	176.904	
	1315	964.737	176.955	
	1316	966.161	176.799	
	1317	967.764	177.151	
	1318	969.992	177.279	
	1319	972.530	177.437	
	1320	975.405	177.499	
	1321	978.653	177.720	
	1322	982.374	177.720	
	1323	986.537	177.685	
	1324	990.969	177.732	
	1325	995.882	177.710	
	1326	1001.269	177.973	
	1327	1006.976	178.228	
	1328	1012.772	178.672	
	1329	1018.814	179.168	
	1330	1024.616	179.881	
	1331	1030.112	180.823	
	1332	1035.186	181.599	
	1333	1039.836	182.340	
	1334	1044.205	183.145	
	1335	1048.228	184.107	
	1336	1052.238	184.810	
	1337	1056.162	185.374	
	1338	1059.985	186.058	
	1339	1063.954	186.467	
	1340	1067.725	187.086	
	1341	1071.901	187.358	
	1342	1076.071	188.040	
	1343	1080.452	188.551	
	1344	1084.876	189.348	
	1345	1090.001	189.962	
	1346	1095.490	190.086	
	1347	1101.222	190.351	
	1348	1106.903	190.398	
	1349	1112.025	190.508	
	1350	1116.932	190.802	
	1351	1121.097	191.029	
	1352	1125.317	191.014	
	1353	1129.344	190.986	
	1354	1133.165	190.820	
	1355	1136.891	190.815	
	1356	1140.627	190.818	
	1357	1144.324	190.871	
	1358	1148.040	191.599	
	1359	1151.791	192.113	
	1360	1155.789	193.129	
	1361	1159.792	194.392	
	1362	1164.253	195.747	
	1363	1169.074	197.125	
	1364	1174.639	198.014	
	1365	1179.908	198.700	
	1366	1185.004	199.335	
	1367	1189.867	200.069	
	1368	1194.772	200.587	
	1369	1199.502	201.094	
	1370	1204.371	201.367	
	1371	1209.181	201.525	
	1372	1214.040	201.560	
	1373	1218.774	201.775	
	1374	1223.666	201.696	
	1375	1228.485	202.148	
	1376	1233.513	202.388	
	1377	1238.636	202.707	
	1378	1244.086	202.955	
	1379	1249.494	203.313	
	1380	1255.318	203.226	
	1381	1261.495	202.637	
	1382	1267.504	201.708	
	1383	1273.232	200.844	
	1384	1278.636	199.762	
	1385	1283.479	199.142	
	1386	1288.261	198.199	
	1387	1292.730	197.955	
	1388	1297.216	197.869	
	1389	1301.617	198.005	
	1390	1306.200	198.543	
	1391	1310.926	199.186	
	1392	1315.707	200.284	
	1393	1320.714	201.435	
	1394	1325.584	202.814	
	1395	1331.280	204.806	
	1396	1336.996	206.864	
	1397	1343.205	208.463	
	1398	1349.948	209.332	
	1399	1356.511	208.730	
	1400	1363.371	208.641	
	1401	1369.228	207.721	
	1402	1374.705	206.141	
	1403	1380.286	205.736	
	1404	1385.828	205.708	
	1405	1391.534	205.718	
	1406	1397.019	205.686	
	1407	1402.719	205.590	
	1408	1408.228	205.783	
	1409	1413.786	206.067	
	1410	1419.473	206.397	
	1411	1425.328	206.742	
	1412	1431.213	206.537	
	1413	1438.792	205.846	
	1414	1445.825	205.181	
	1415	1452.163	204.204	
	1416	1457.628	203.724	
	1417	1462.590	203.227	
	1418	1467.135	203.229	
	1419	1471.385	203.097	
	1420	1475.025	202.349	
	1421	1477.728	202.792	
	1422	1481.412	202.939	
	1423	1486.453	203.940	
	1424	1486.453	203.940	
	1425	1491.224	205.352	
	1426	1495.957	207.647	
	1427	1501.190	210.033	
	1428	1506.687	213.102	
	1429	1512.708	215.415	
	1430	1518.980	216.838	
	1431	1525.234	216.833	
	1432	1531.903	216.876	
	1433	1537.973	216.655	
	1434	1543.967	216.560	
	1435	1549.464	216.979	
	1436	1554.820	217.003	
	1437	1559.898	216.789	
	1438	1564.990	216.768	
	1439	1570.107	216.524	
	1440	1575.207	216.759	
	1441	1580.400	216.931	
	1442	1585.731	217.437	
	1443	1590.780	218.209	
	1444	1595.968	218.988	
	1445	1601.238	220.270	
	1446	1606.528	221.222	
	1447	1611.701	221.813	
	1448	1616.954	221.570	
	1449	1622.292	220.953	
	1450	1627.782	220.271	
	1451	1633.116	219.616	
	1452	1638.263	219.327	
	1453	1643.288	218.908	
	1454	1648.130	218.676	
	1455	1653.040	218.679	
	1456	1657.913	218.724	
	1457	1662.924	218.728	
	1458	1668.302	218.665	
	1459	1673.936	218.780	
	1460	1679.987	218.781	
	1461	1685.685	219.256	
	1462	1691.808	219.739	
	1463	1697.412	220.134	
	1464	1703.007	220.262	


End of Keyframe Data

