Adobe After Effects 8.0 Keyframe Data

	Units Per Second	29.97
	Source Width	1920
	Source Height	1080
	Source Pixel Aspect Ratio	1
	Comp Pixel Aspect Ratio	1

Motion Trackers	Tracker #1	Track Point #1	Feature Center
	Frame	X pixels	Y pixels	
	0	569.000	310.000	
	1	568.395	309.963	
	2	568.008	309.941	
	3	567.581	310.053	
	4	566.683	310.177	
	5	566.230	310.179	
	6	565.682	310.425	
	7	564.962	310.579	
	8	564.706	310.823	
	9	564.032	311.151	
	10	563.907	311.151	
	11	563.411	311.462	
	12	563.127	311.543	
	13	562.872	311.533	
	14	562.492	311.789	
	15	562.378	311.753	
	16	562.099	311.835	
	17	561.838	311.837	
	18	561.820	311.606	
	19	561.600	311.684	
	20	561.508	311.613	
	21	561.430	311.622	
	22	561.314	311.795	
	23	561.338	311.617	
	24	561.338	311.617	
	25	561.093	311.269	
	26	560.968	310.699	
	27	560.323	310.171	
	28	560.081	309.586	
	29	559.829	309.347	
	30	559.599	309.068	
	31	559.437	308.902	
	32	559.015	309.123	
	33	558.461	309.127	
	34	557.752	309.367	
	35	556.703	309.564	
	36	555.491	309.963	
	37	554.168	311.000	
	38	552.627	311.745	
	39	551.165	312.799	
	40	549.674	313.731	
	41	548.376	314.442	
	42	547.171	315.341	
	43	546.035	315.726	
	44	544.903	316.272	
	45	543.837	316.692	
	46	542.751	316.680	
	47	541.516	316.753	
	48	539.900	316.799	
	49	538.354	317.031	
	50	536.779	317.650	
	51	535.361	318.123	
	52	533.838	318.997	
	53	532.629	319.501	
	54	531.345	319.769	
	55	529.817	319.745	
	56	528.037	319.228	
	57	526.279	318.671	
	58	524.633	318.033	
	59	522.822	317.221	
	60	520.944	316.747	
	61	519.774	316.196	
	62	518.813	315.712	
	63	518.144	315.222	
	64	517.683	314.617	
	65	517.496	314.351	
	66	517.382	313.993	
	67	516.983	313.603	
	68	516.298	313.322	
	69	515.617	313.134	
	70	514.977	313.709	
	71	514.646	314.416	
	72	514.594	315.145	
	73	514.917	316.006	
	74	515.595	316.453	
	75	516.372	316.893	
	76	517.030	317.117	
	77	517.755	317.142	
	78	518.433	317.370	
	79	518.945	317.325	
	80	519.567	317.340	
	81	519.869	317.302	
	82	520.313	317.281	
	83	520.568	317.530	
	84	520.769	317.627	
	85	521.005	317.795	
	86	521.155	317.994	
	87	521.363	317.964	
	88	521.370	317.923	
	89	521.505	317.656	
	90	521.808	317.373	
	91	522.050	317.150	
	92	522.212	316.844	
	93	522.393	316.679	
	94	522.661	316.445	
	95	522.737	316.369	
	96	523.045	316.338	
	97	523.158	316.282	
	98	523.308	316.280	
	99	523.333	316.244	
	100	523.238	316.217	
	101	523.189	316.214	
	102	523.171	316.210	
	103	522.982	316.176	
	104	522.806	316.185	
	105	522.741	316.189	
	106	522.637	316.193	
	107	522.499	316.197	
	108	522.380	316.350	
	109	522.073	316.514	
	110	521.602	316.962	
	111	521.055	317.723	
	112	520.331	318.378	
	113	519.892	318.750	
	114	519.681	318.432	
	115	519.466	317.537	
	116	519.558	316.318	
	117	519.442	314.873	
	118	519.639	314.152	
	119	519.853	313.874	
	120	519.821	314.396	
	121	519.716	315.654	
	122	519.481	316.472	
	123	519.368	316.735	
	124	519.370	316.731	
	125	519.477	316.240	
	126	519.615	316.021	
	127	519.776	315.712	
	128	519.778	315.712	
	129	519.941	315.804	
	130	520.020	315.906	
	131	520.046	315.946	
	132	520.247	315.847	
	133	520.589	315.623	
	134	520.937	315.373	
	135	521.324	314.935	
	136	521.528	314.870	
	137	521.545	314.875	
	138	521.568	315.246	
	139	521.547	315.888	
	140	521.539	316.542	
	141	521.595	317.126	
	142	521.468	317.375	
	143	521.479	317.372	
	144	521.326	317.302	
	145	521.030	317.173	
	146	520.783	317.177	
	147	520.822	317.184	
	148	520.983	317.334	
	149	521.084	317.391	
	150	521.097	317.394	
	151	520.962	317.423	
	152	520.659	317.870	
	153	520.848	318.602	
	154	521.575	319.667	
	155	522.904	321.232	
	156	524.341	322.931	
	157	525.606	324.425	
	158	526.630	325.691	
	159	527.607	327.276	
	160	528.359	328.816	
	161	528.784	330.150	
	162	528.876	331.408	
	163	528.300	332.652	
	164	527.194	333.971	
	165	526.018	335.452	
	166	524.629	337.284	
	167	523.510	339.448	
	168	522.995	341.636	
	169	523.199	343.972	
	170	524.014	346.058	
	171	525.188	347.170	
	172	526.375	347.656	
	173	527.409	347.424	
	174	528.628	346.875	
	175	530.100	346.103	
	176	533.075	345.031	
	177	538.365	343.822	
	178	546.860	341.814	
	179	556.081	338.863	
	180	563.620	335.031	
	181	568.075	330.637	
	182	569.438	326.820	
	183	569.335	323.346	
	184	568.391	320.488	
	185	567.354	318.488	
	186	566.717	316.851	
	187	566.532	315.651	
	188	566.699	314.850	
	189	565.311	314.542	
	190	560.964	314.924	
	191	553.121	315.595	
	192	544.985	316.496	
	193	538.386	317.664	
	194	533.661	318.777	
	195	529.934	319.585	
	196	527.091	319.320	
	197	525.103	318.353	
	198	523.978	317.216	
	199	523.389	316.255	
	200	523.269	315.628	
	201	523.417	315.155	
	202	523.891	314.978	
	203	524.187	315.030	
	204	524.466	315.012	
	205	525.050	315.087	
	206	525.367	315.209	
	207	525.752	315.397	
	208	526.193	315.634	
	209	526.201	315.700	
	210	526.371	315.862	
	211	526.554	315.976	
	212	526.641	315.978	
	213	526.771	315.942	
	214	527.011	315.806	
	215	527.205	315.645	
	216	527.385	315.478	
	217	527.568	315.162	
	218	527.549	315.402	
	219	527.178	316.545	
	220	526.378	318.106	
	221	525.611	319.335	
	222	525.128	319.891	
	223	524.981	319.939	
	224	524.991	319.898	
	225	524.961	319.589	
	226	524.835	319.271	
	227	524.814	318.993	
	228	524.824	318.880	
	229	524.896	318.868	
	230	524.841	318.738	
	231	524.891	318.950	
	232	525.123	319.640	
	233	525.197	320.781	
	234	525.290	322.291	
	235	525.356	323.160	
	236	525.745	323.596	
	237	526.482	323.320	
	238	527.538	322.424	
	239	528.334	321.375	
	240	529.004	319.961	
	241	529.614	318.852	
	242	529.986	317.973	
	243	530.214	317.341	
	244	530.222	317.343	
	245	530.220	317.380	
	246	529.927	317.545	
	247	529.617	317.824	
	248	529.354	318.076	
	249	529.080	318.352	
	250	528.985	318.424	
	251	528.735	318.638	
	252	528.689	318.798	
	253	528.687	318.800	
	254	529.215	318.993	
	255	530.214	319.554	
	256	531.390	320.285	
	257	532.460	321.081	
	258	532.928	321.509	
	259	532.828	321.499	
	260	532.154	321.514	
	261	531.169	321.255	
	262	530.200	320.807	
	263	529.841	320.452	
	264	529.631	320.072	
	265	529.593	319.820	
	266	529.518	319.576	
	267	529.326	319.333	
	268	529.188	319.090	
	269	529.123	318.858	
	270	528.718	318.548	
	271	528.492	318.277	
	272	528.386	318.267	
	273	528.366	318.257	
	274	528.351	318.243	
	275	528.239	318.228	
	276	527.892	318.008	
	277	527.741	318.044	
	278	527.313	317.831	
	279	526.620	317.378	
	280	526.249	317.030	
	281	526.053	316.923	
	282	526.264	317.081	
	283	526.379	317.168	
	284	526.626	316.977	
	285	526.788	316.871	
	286	527.010	316.605	
	287	527.040	316.525	
	288	527.208	316.657	
	289	527.473	316.855	
	290	527.861	317.467	
	291	528.378	317.881	
	292	529.537	318.445	
	293	531.593	319.383	
	294	534.437	320.720	
	295	538.744	323.100	
	296	545.087	326.846	
	297	551.885	330.690	
	298	558.386	334.050	
	299	563.481	336.089	
	300	566.814	337.266	
	301	566.804	337.078	
	302	564.649	335.470	
	303	561.335	332.021	
	304	557.665	327.502	
	305	553.822	323.361	
	306	549.833	320.127	
	307	545.951	317.613	
	308	541.913	315.527	
	309	538.195	312.744	
	310	535.052	310.559	
	311	532.133	309.550	
	312	529.045	309.676	
	313	525.844	311.382	
	314	522.574	312.500	
	315	519.930	312.447	
	316	518.306	311.884	
	317	516.652	311.169	
	318	514.906	311.397	
	319	512.787	312.102	
	320	510.409	313.143	
	321	508.289	314.038	
	322	506.305	314.365	
	323	504.650	314.547	
	324	503.095	314.782	
	325	501.576	315.316	
	326	500.356	316.536	
	327	499.049	317.682	
	328	497.880	318.626	
	329	497.274	319.229	
	330	497.343	319.324	
	331	497.818	319.562	
	332	498.853	319.664	
	333	500.362	320.085	
	334	502.541	321.006	
	335	505.355	321.324	
	336	509.397	321.440	
	337	516.163	321.166	
	338	525.202	321.810	
	339	536.682	324.032	
	340	551.161	327.643	
	341	568.233	332.422	
	342	585.570	336.369	
	343	600.556	337.990	
	344	611.865	337.512	
	345	620.055	335.266	
	346	626.392	330.683	
	347	633.798	323.534	
	348	637.294	314.264	
	349	641.523	303.480	
	350	645.486	291.111	
	351	649.814	278.976	
	352	654.560	265.278	
	353	658.974	251.979	
	354	662.765	239.836	
	355	666.089	229.700	
	356	669.429	220.597	
	357	672.996	213.469	
	358	676.676	207.879	
	359	681.192	203.693	
	360	685.946	200.690	
	361	691.818	198.649	
	362	698.243	197.722	
	363	705.022	198.041	
	364	712.600	198.784	
	365	720.487	199.499	
	366	730.079	199.581	
	367	740.092	198.854	
	368	752.008	197.531	
	369	764.942	195.302	
	370	777.836	193.170	
	371	790.175	191.791	
	372	801.821	190.595	
	373	813.534	189.170	
	374	824.116	188.075	
	375	834.410	187.846	
	376	844.335	188.489	
	377	853.318	189.567	
	378	863.615	191.457	
	379	873.772	193.154	
	380	884.957	194.981	
	381	895.053	197.221	
	382	906.548	198.714	
	383	905.274	191.984	
	384	917.011	192.800	
	385	929.130	194.196	
	386	941.772	195.128	
	387	954.782	195.746	
	388	969.278	195.844	
	389	983.873	195.153	
	390	998.769	193.772	
	391	1012.784	193.302	
	392	1025.652	193.107	
	393	1038.706	193.500	
	394	1051.650	195.196	
	395	1064.250	197.586	
	396	1076.832	200.742	
	397	1089.130	204.019	
	398	1101.999	206.685	
	399	1114.228	208.776	
	400	1126.790	208.958	
	401	1139.672	208.447	
	402	1152.581	208.103	
	403	1166.002	207.471	
	404	1179.169	206.569	
	405	1192.062	205.393	
	406	1204.648	204.915	
	407	1216.836	205.038	
	408	1229.136	205.758	
	409	1241.354	207.507	
	410	1253.291	210.024	
	411	1265.606	213.392	
	412	1278.025	217.420	
	413	1290.400	221.258	
	414	1303.004	224.530	
	415	1314.950	226.525	
	416	1326.952	227.842	
	417	1339.078	228.583	
	418	1350.528	227.867	
	419	1360.978	226.548	
	420	1370.710	224.971	
	421	1380.094	225.573	
	422	1388.249	226.067	
	423	1400.433	225.145	
	424	1405.825	227.286	
	425	1413.375	228.774	
	426	1418.187	229.381	
	427	1423.821	230.038	
	428	1431.919	229.860	
	429	1438.687	228.694	
	430	1445.646	228.427	
	431	1451.752	228.112	
	432	1459.115	228.569	
	433	1461.145	229.486	
	434	1466.311	230.381	
	435	1470.348	231.654	
	436	1473.740	232.364	
	437	1476.516	232.606	
	438	1477.913	232.777	
	439	1479.683	233.110	
	440	1482.212	233.728	
	441	1484.982	234.655	
	442	1486.997	236.607	
	443	1489.260	238.157	
	444	1491.490	240.046	
	445	1492.792	241.044	
	446	1493.339	241.511	
	447	1494.275	241.494	
	448	1494.576	241.351	
	449	1495.122	240.970	
	450	1495.256	240.849	
	451	1495.796	240.412	
	452	1496.251	240.231	
	453	1496.610	240.282	
	454	1497.183	240.252	
	455	1497.432	240.256	
	456	1497.491	240.275	
	457	1497.536	240.194	
	458	1497.294	240.175	
	459	1497.514	239.745	
	460	1497.701	238.986	
	461	1497.377	237.499	
	462	1495.876	234.873	
	463	1493.292	232.086	
	464	1490.498	228.893	
	465	1487.617	226.411	
	466	1484.995	225.285	
	467	1482.903	225.293	
	468	1481.421	226.498	
	469	1480.068	228.394	
	470	1478.987	230.699	
	471	1477.922	233.085	
	472	1476.848	233.897	
	473	1475.550	233.525	
	474	1473.727	231.591	
	475	1471.533	229.425	
	476	1468.868	227.606	
	477	1465.997	226.874	
	478	1463.452	227.423	
	479	1461.306	228.980	
	480	1459.796	230.920	
	481	1458.573	232.736	
	482	1457.441	233.324	
	483	1455.509	233.394	
	484	1453.817	232.840	
	485	1452.196	232.188	
	486	1450.110	231.793	
	487	1450.073	232.074	
	488	1450.474	233.148	
	489	1450.920	235.063	
	490	1451.439	237.201	
	491	1451.758	238.671	
	492	1451.830	238.984	
	493	1451.751	238.689	
	494	1451.269	238.095	
	495	1450.500	237.290	
	496	1450.025	236.788	
	497	1449.437	236.411	
	498	1449.243	236.581	
	499	1449.033	236.977	
	500	1449.158	237.515	
	501	1449.500	238.354	
	502	1449.596	238.510	
	503	1449.519	238.574	
	504	1449.214	238.272	
	505	1448.712	237.464	
	506	1448.908	236.860	
	507	1448.696	236.403	
	508	1448.927	236.233	
	509	1449.036	236.286	
	510	1449.583	236.348	
	511	1450.019	236.426	
	512	1450.464	236.200	
	513	1451.234	235.525	
	514	1452.483	235.007	
	515	1453.761	234.581	
	516	1455.025	234.815	
	517	1456.519	235.128	
	518	1458.595	235.766	
	519	1460.793	235.796	
	520	1462.761	235.749	
	521	1464.547	235.988	
	522	1466.380	235.753	
	523	1467.215	236.303	
	524	1466.456	236.402	
	525	1462.624	235.064	
	526	1457.703	232.793	
	527	1451.636	229.328	
	528	1443.906	226.962	
	529	1436.877	225.677	
	530	1429.403	224.258	
	531	1422.770	224.027	
	532	1416.939	224.720	
	533	1411.002	225.595	
	534	1406.490	225.616	
	535	1403.339	223.725	
	536	1401.624	220.205	
	537	1400.628	217.018	
	538	1399.318	215.393	
	539	1397.515	215.388	
	540	1395.767	216.115	
	541	1393.280	217.958	
	542	1391.663	219.909	
	543	1390.061	220.894	
	544	1388.964	220.523	
	545	1387.704	219.455	
	546	1386.225	218.440	
	547	1384.685	218.458	
	548	1382.458	219.365	
	549	1380.187	220.949	
	550	1377.838	221.892	
	551	1375.435	221.601	
	552	1372.578	220.575	
	553	1369.731	219.333	
	554	1367.122	219.017	
	555	1364.948	220.070	
	556	1364.143	221.705	
	557	1365.744	223.639	
	558	1369.387	225.730	
	559	1377.086	228.006	
	560	1386.437	229.498	
	561	1395.465	230.575	
	562	1405.769	231.676	
	563	1415.432	232.735	
	564	1422.595	233.669	
	565	1427.448	234.332	
	566	1430.390	234.303	
	567	1433.432	234.004	
	568	1435.626	233.437	
	569	1437.701	233.006	
	570	1439.517	232.849	
	571	1441.249	232.818	
	572	1443.147	233.077	
	573	1445.209	233.449	
	574	1447.551	233.663	
	575	1449.285	233.926	
	576	1450.722	234.300	
	577	1452.253	234.590	
	578	1454.133	235.165	
	579	1455.671	235.581	
	580	1457.315	236.145	
	581	1459.267	236.497	
	582	1460.980	236.654	
	583	1462.588	237.005	
	584	1464.139	237.087	
	585	1465.558	237.348	
	586	1466.791	237.654	
	587	1468.082	237.822	
	588	1468.917	238.353	
	589	1469.610	238.429	
	590	1470.655	238.713	
	591	1471.376	238.791	
	592	1471.821	238.765	
	593	1472.189	238.771	
	594	1472.642	238.354	
	595	1473.346	237.997	
	596	1473.701	237.863	
	597	1474.217	237.618	
	598	1474.621	237.854	
	599	1475.240	238.079	
	600	1475.698	238.323	
	601	1475.650	238.265	
	602	1476.051	238.021	
	603	1476.210	237.902	
	604	1476.437	237.656	
	605	1476.846	237.663	
	606	1477.095	238.176	
	607	1477.650	238.464	
	608	1477.980	238.956	
	609	1478.084	239.254	
	610	1478.246	239.565	
	611	1478.015	240.018	
	612	1477.119	240.054	
	613	1476.292	240.037	
	614	1475.173	239.746	
	615	1474.134	239.732	
	616	1472.878	240.035	
	617	1472.014	240.097	
	618	1471.377	240.631	
	619	1470.455	241.652	
	620	1470.043	242.500	
	621	1469.681	243.733	
	622	1469.549	244.608	
	623	1469.349	245.620	
	624	1469.318	246.458	
	625	1469.227	247.530	
	626	1469.432	248.149	
	627	1469.314	248.655	
	628	1469.471	249.224	
	629	1469.465	249.340	
	630	1469.388	249.445	
	631	1469.233	249.592	
	632	1469.133	249.771	
	633	1468.836	250.136	
	634	1468.575	250.167	
	635	1467.834	249.920	
	636	1467.625	249.824	
	637	1466.864	249.570	
	638	1466.289	249.343	
	639	1465.964	249.170	
	640	1465.325	248.763	
	641	1465.126	248.503	
	642	1464.791	248.186	
	643	1464.561	247.783	
	644	1464.824	247.823	
	645	1464.824	247.861	
	646	1464.926	247.689	
	647	1464.823	247.299	
	648	1464.636	246.531	
	649	1464.897	244.841	
	650	1464.684	243.744	
	651	1464.995	242.767	
	652	1465.718	242.156	
	653	1465.971	241.792	
	654	1466.681	241.538	
	655	1466.990	240.714	
	656	1467.132	239.354	
	657	1468.071	238.412	
	658	1468.152	237.488	
	659	1468.989	237.048	
	660	1469.623	236.741	
	661	1471.066	236.227	
	662	1471.469	235.883	
	663	1472.109	234.702	
	664	1472.375	233.404	
	665	1472.527	232.197	
	666	1471.674	231.388	
	667	1471.204	231.291	
	668	1469.979	231.395	
	669	1468.541	231.135	
	670	1467.038	230.807	
	671	1465.317	230.224	
	672	1463.382	229.561	
	673	1461.373	229.378	
	674	1459.248	229.411	
	675	1458.278	230.074	
	676	1457.407	230.715	
	677	1456.579	230.855	
	678	1455.393	230.469	
	679	1453.966	229.746	
	680	1452.548	229.377	
	681	1451.277	229.375	
	682	1450.796	229.529	
	683	1451.146	230.408	
	684	1451.919	231.521	
	685	1452.823	232.705	
	686	1452.792	233.056	
	687	1452.147	232.480	
	688	1449.723	231.237	
	689	1446.383	230.239	
	690	1442.458	230.611	
	691	1439.196	232.770	
	692	1437.691	234.992	
	693	1437.237	238.148	
	694	1437.373	241.566	
	695	1437.711	244.827	
	696	1437.538	246.124	
	697	1437.013	245.029	
	698	1436.130	242.539	
	699	1434.120	240.039	
	700	1431.457	238.486	
	701	1428.537	237.939	
	702	1424.728	237.888	
	703	1420.482	238.451	
	704	1415.770	238.701	
	705	1410.334	238.616	
	706	1403.678	238.465	
	707	1396.338	238.130	
	708	1388.767	238.277	
	709	1380.562	238.771	
	710	1372.389	239.332	
	711	1363.636	240.212	
	712	1354.286	240.363	
	713	1344.743	240.094	
	714	1334.700	239.501	
	715	1324.648	238.061	
	716	1315.120	237.060	
	717	1305.200	236.119	
	718	1295.631	235.611	
	719	1285.311	235.882	
	720	1274.924	236.944	
	721	1265.381	238.627	
	722	1255.505	239.665	
	723	1246.299	240.549	
	724	1236.529	241.812	
	725	1226.510	242.722	
	726	1216.536	243.966	
	727	1205.878	244.765	
	728	1195.327	245.124	
	729	1184.068	244.534	
	730	1171.997	242.124	
	731	1159.878	238.627	
	732	1147.747	234.921	
	733	1135.951	231.161	
	734	1123.950	227.445	
	735	1111.657	224.525	
	736	1099.816	222.636	
	737	1087.405	222.537	
	738	1075.174	222.777	
	739	1062.845	223.418	
	740	1050.345	224.197	
	741	1038.346	225.195	
	742	1026.040	225.698	
	743	1013.336	225.074	
	744	1000.149	223.686	
	745	986.166	221.233	
	746	972.868	218.516	
	747	959.728	215.876	
	748	947.430	213.478	
	749	935.659	211.486	
	750	923.904	209.751	
	751	912.754	208.392	
	752	901.674	208.114	
	753	890.638	208.314	
	754	879.625	209.465	
	755	867.959	211.271	
	756	856.613	213.555	
	757	844.755	215.951	
	758	832.740	217.447	
	759	820.732	217.842	
	760	808.409	218.611	
	761	797.230	218.802	
	762	787.303	218.609	
	763	778.078	217.136	
	764	769.691	214.598	
	765	761.660	211.468	
	766	753.641	208.455	
	767	745.689	206.163	
	768	737.251	204.546	
	769	728.683	203.808	
	770	719.668	204.046	
	771	709.949	204.655	
	772	700.648	206.665	
	773	690.978	208.553	
	774	681.763	210.192	
	775	672.431	213.227	
	776	662.311	218.409	
	777	652.014	225.012	
	778	641.456	233.159	
	779	631.977	241.582	
	780	624.194	249.952	
	781	617.438	257.554	
	782	612.923	264.199	
	783	609.722	270.210	
	784	607.213	275.645	
	785	606.320	281.292	
	786	605.979	287.088	
	787	606.975	293.457	
	788	608.821	300.488	
	789	612.157	308.379	
	790	615.931	316.801	
	791	619.060	325.521	
	792	621.273	333.487	
	793	622.668	340.261	
	794	623.304	345.489	
	795	622.905	348.579	
	796	621.096	349.845	
	797	619.346	349.496	
	798	616.655	348.379	
	799	612.717	346.539	
	800	608.290	344.120	
	801	601.898	341.071	
	802	596.252	337.138	
	803	589.968	333.218	
	804	583.143	329.363	
	805	577.174	325.531	
	806	571.834	321.929	
	807	567.121	318.981	
	808	563.723	316.128	
	809	560.718	314.313	
	810	558.329	312.497	
	811	556.578	311.669	
	812	554.768	311.167	
	813	553.911	311.087	
	814	553.182	311.202	
	815	552.693	311.385	
	816	552.462	311.643	
	817	551.672	312.066	
	818	551.258	312.333	
	819	550.921	312.805	
	820	550.719	312.816	
	821	551.193	312.822	
	822	551.681	312.117	
	823	552.943	311.226	
	824	554.246	310.398	
	825	555.489	309.391	
	826	557.299	308.696	
	827	558.809	308.171	
	828	560.733	308.019	
	829	562.794	308.337	
	830	564.671	308.863	
	831	566.784	309.624	
	832	568.351	310.786	
	833	570.090	311.753	
	834	571.584	313.241	
	835	572.691	314.606	
	836	573.647	315.886	
	837	574.156	317.078	
	838	574.414	317.656	
	839	574.406	317.663	
	840	573.832	317.366	
	841	573.137	317.365	
	842	571.858	318.135	
	843	570.250	319.636	
	844	568.660	321.339	
	845	566.647	322.820	
	846	564.702	323.517	
	847	562.689	323.229	
	848	560.583	322.621	
	849	559.021	321.950	
	850	557.237	321.764	
	851	555.719	321.922	
	852	554.590	322.696	
	853	553.414	323.205	
	854	552.703	323.660	
	855	551.930	323.686	
	856	551.326	323.664	
	857	550.941	323.658	
	858	550.631	323.746	
	859	550.642	324.001	
	860	550.605	324.179	
	861	550.848	324.106	
	862	551.362	323.611	
	863	551.752	322.618	
	864	552.403	321.832	
	865	553.100	321.366	
	866	553.586	321.108	
	867	554.346	321.434	
	868	554.606	322.056	
	869	555.030	322.560	
	870	555.335	322.844	
	871	555.377	321.605	
	872	555.854	318.374	
	873	556.185	314.050	
	874	556.575	309.828	
	875	556.937	306.594	
	876	557.239	304.321	
	877	557.880	302.744	
	878	557.854	302.132	
	879	557.846	302.114	
	880	557.826	302.165	
	881	557.784	302.661	
	882	557.739	303.628	
	883	556.873	303.890	
	884	556.406	303.878	
	885	555.965	303.114	
	886	555.384	302.058	
	887	555.218	301.574	
	888	554.865	301.484	
	889	554.512	301.982	
	890	554.191	302.420	
	891	553.688	303.121	
	892	553.228	304.149	
	893	552.696	304.888	
	894	552.227	305.999	
	895	551.727	307.068	
	896	551.262	308.225	
	897	551.223	309.284	
	898	551.227	310.049	
	899	551.231	310.908	
	900	551.437	311.500	
	901	551.193	311.624	
	902	550.959	311.728	
	903	550.910	311.880	
	904	550.931	312.175	
	905	551.177	312.816	
	906	551.437	313.814	
	907	551.919	315.068	
	908	552.542	316.095	
	909	553.035	316.629	
	910	553.837	317.028	
	911	554.332	317.317	
	912	555.085	317.791	
	913	555.841	318.485	
	914	556.353	319.399	
	915	556.868	319.909	
	916	557.431	320.336	
	917	557.794	320.126	
	918	558.511	319.584	
	919	559.041	319.117	
	920	559.764	318.877	
	921	560.310	319.029	
	922	560.893	319.607	
	923	561.675	320.298	
	924	562.209	321.145	
	925	562.490	322.055	
	926	562.722	322.363	
	927	562.214	322.553	
	928	561.881	322.188	
	929	561.098	322.044	
	930	560.806	321.661	
	931	561.334	321.444	
	932	561.765	321.452	
	933	562.829	321.148	
	934	563.847	320.865	
	935	564.187	320.894	
	936	564.185	320.833	
	937	563.351	321.174	
	938	562.245	321.642	
	939	561.064	321.843	
	940	560.542	321.972	
	941	560.610	321.404	
	942	561.171	320.570	
	943	562.372	320.088	
	944	563.254	319.749	
	945	563.609	319.878	
	946	563.786	320.072	
	947	563.428	320.573	
	948	562.992	320.593	
	949	562.618	320.550	
	950	562.144	320.511	
	951	562.005	320.104	
	952	561.332	320.022	
	953	561.328	319.742	
	954	561.430	319.513	
	955	562.039	318.817	
	956	562.459	318.270	
	957	563.188	317.664	
	958	563.719	317.149	
	959	564.755	316.902	
	960	565.389	317.118	
	961	566.246	317.417	
	962	567.177	317.878	
	963	567.847	317.910	
	964	569.011	317.491	
	965	570.061	317.225	
	966	571.508	316.535	
	967	573.467	316.127	
	968	575.382	315.759	
	969	577.473	315.529	
	970	579.485	315.866	
	971	581.071	316.270	
	972	582.251	316.866	
	973	582.446	316.914	
	974	582.213	316.171	
	975	581.050	315.213	
	976	579.453	314.222	
	977	577.698	313.559	
	978	575.621	313.529	
	979	573.843	313.835	
	980	571.724	314.780	
	981	569.309	315.595	
	982	567.185	316.288	
	983	565.185	316.505	
	984	563.679	316.067	
	985	562.365	315.320	
	986	560.840	314.725	
	987	559.434	314.679	
	988	557.508	315.361	
	989	555.528	316.354	
	990	553.549	317.954	
	991	551.459	319.171	
	992	549.661	319.913	
	993	547.900	320.149	
	994	546.426	320.012	
	995	545.409	320.311	
	996	544.177	321.195	
	997	542.838	322.146	
	998	542.078	322.750	
	999	541.817	322.600	
	1000	542.075	322.400	
	1001	542.233	322.636	
	1002	542.511	323.699	
	1003	542.742	325.106	
	1004	543.596	325.760	
	1005	544.690	325.705	
	1006	545.435	325.270	
	1007	546.031	324.522	
	1008	546.794	323.659	
	1009	547.355	322.957	
	1010	548.320	322.637	
	1011	549.087	322.677	
	1012	549.788	323.286	
	1013	550.567	323.763	
	1014	551.267	324.287	
	1015	552.304	324.276	
	1016	553.094	324.004	
	1017	554.031	323.468	
	1018	555.224	322.973	
	1019	556.101	322.442	
	1020	557.352	322.155	
	1021	558.337	322.359	
	1022	559.110	322.466	
	1023	559.826	322.675	
	1024	559.835	322.910	
	1025	559.592	323.448	
	1026	558.768	324.407	
	1027	557.444	325.113	
	1028	555.961	325.343	
	1029	554.703	325.011	
	1030	553.973	324.525	
	1031	553.492	324.291	
	1032	552.621	324.014	
	1033	551.652	323.893	
	1034	550.658	323.987	
	1035	549.753	323.969	
	1036	549.438	324.021	
	1037	549.442	324.130	
	1038	550.334	324.368	
	1039	551.466	324.412	
	1040	551.898	324.548	
	1041	551.590	324.806	
	1042	550.478	325.427	
	1043	549.233	326.214	
	1044	547.992	326.762	
	1045	546.990	327.017	
	1046	546.488	327.078	
	1047	546.320	327.085	
	1048	545.870	327.274	
	1049	545.119	327.290	
	1050	543.851	327.197	
	1051	542.208	326.446	
	1052	540.484	325.558	
	1053	539.055	324.256	
	1054	538.235	323.289	
	1055	537.781	322.507	
	1056	537.571	322.074	
	1057	537.391	321.742	
	1058	537.255	321.707	
	1059	537.273	321.623	
	1060	536.922	321.513	
	1061	536.843	321.313	
	1062	536.630	321.225	
	1063	536.099	320.959	
	1064	534.875	320.509	
	1065	532.737	320.065	
	1066	530.599	319.862	
	1067	529.139	319.695	
	1068	528.649	319.507	
	1069	528.659	319.267	
	1070	528.979	319.021	
	1071	529.521	318.730	
	1072	530.128	318.704	
	1073	530.589	318.652	
	1074	531.116	318.644	
	1075	531.366	318.706	
	1076	531.793	318.815	
	1077	532.202	318.875	
	1078	533.242	318.861	
	1079	536.306	318.644	
	1080	540.704	318.752	
	1081	545.796	318.066	
	1082	554.086	314.162	
	1083	555.320	314.193	
	1084	557.274	315.441	
	1085	558.690	317.938	
	1086	557.159	328.980	
	1087	556.540	330.812	
	1088	556.223	331.398	
	1089	556.153	331.591	
	1090	555.812	331.854	
	1091	555.485	331.977	
	1092	555.194	332.195	
	1093	554.891	332.409	
	1094	554.497	332.608	
	1095	554.194	332.607	
	1096	553.690	332.698	
	1097	553.357	332.725	
	1098	552.920	332.763	
	1099	552.595	332.809	
	1100	552.325	332.884	
	1101	552.011	332.823	
	1102	551.789	332.829	
	1103	551.594	332.849	
	1104	551.442	332.805	
	1105	551.357	332.874	
	1106	551.561	332.670	
	1107	550.561	332.722	
	1108	552.515	331.686	
	1109	551.578	335.524	
	1110	548.383	335.076	
	1111	556.861	334.153	
	1112	563.338	333.648	
	1113	568.085	333.446	
	1114	571.353	333.625	
	1115	573.939	333.844	
	1116	575.845	334.150	
	1117	576.974	334.758	
	1118	577.788	334.996	
	1119	578.408	335.233	
	1120	578.255	335.557	
	1121	573.802	335.989	
	1122	562.338	335.651	
	1123	546.628	334.114	
	1124	532.774	333.407	
	1125	521.255	332.164	
	1126	513.009	331.113	
	1127	507.906	330.513	
	1128	504.805	330.491	
	1129	503.062	330.574	
	1130	501.899	330.565	
	1131	501.418	330.418	
	1132	501.523	330.266	
	1133	502.518	330.115	
	1134	507.792	330.392	
	1135	519.260	330.687	
	1136	540.036	329.347	
	1137	561.414	328.241	
	1138	577.965	328.237	
	1139	584.893	329.265	
	1140	588.957	329.336	
	1141	590.959	328.866	
	1142	592.115	328.641	
	1143	592.911	328.378	
	1144	593.701	328.226	
	1145	594.625	327.818	
	1146	596.163	327.127	
	1147	598.719	326.163	
	1148	601.516	326.239	
	1149	606.418	328.703	
	1150	612.063	334.254	
	1151	619.157	341.364	
	1152	625.300	345.818	
	1153	630.970	345.914	
	1154	633.309	345.511	
	1155	633.829	344.751	
	1156	632.790	344.470	
	1157	631.461	343.237	
	1158	630.538	342.815	
	1159	630.071	342.742	
	1160	630.048	342.739	
	1161	630.046	342.628	
	1162	629.758	342.643	
	1163	629.219	343.141	
	1164	629.023	343.766	
	1165	629.462	344.425	
	1166	631.575	344.113	
	1167	634.859	343.584	
	1168	639.321	345.690	
	1169	647.819	346.114	
	1170	652.286	347.553	
	1171	658.168	348.935	
	1172	666.876	349.447	
	1173	677.660	346.813	
	1174	694.145	340.040	
	1175	714.987	331.546	
	1176	735.473	320.691	
	1177	757.122	309.668	
	1178	778.245	301.206	
	1179	790.852	294.604	
	1180	798.730	289.932	
	1181	800.941	282.203	
	1182	804.550	274.865	
	1183	809.684	265.519	
	1184	810.908	265.808	
	1185	818.298	256.885	
	1186	826.759	253.762	
	1187	836.224	251.930	
	1188	847.308	251.047	
	1189	861.428	253.093	
	1190	872.695	254.111	
	1191	882.916	252.666	
	1192	892.186	249.286	
	1193	902.010	245.601	
	1194	910.519	242.552	
	1195	918.314	240.691	
	1196	926.827	237.837	
	1197	934.248	237.522	
	1198	941.583	235.982	
	1199	949.800	233.355	
	1200	957.376	222.503	
	1201	964.537	220.938	
	1202	971.544	219.924	
	1203	978.755	219.383	
	1204	986.581	218.684	
	1205	994.885	218.519	
	1206	1002.259	218.698	
	1207	1009.915	218.525	
	1208	1015.912	218.493	
	1209	1020.968	220.395	
	1210	1024.304	223.659	
	1211	1026.151	224.509	
	1212	1027.593	224.846	
	1213	1029.723	225.185	
	1214	1032.316	225.579	
	1215	1034.498	225.865	
	1216	1035.750	226.392	
	1217	1036.514	226.687	
	1218	1037.229	226.990	
	1219	1037.582	227.186	
	1220	1037.536	227.095	
	1221	1045.088	239.055	
	1222	1075.819	283.881	
	1223	1087.013	287.857	
	1224	1080.021	266.817	
	1225	1109.838	321.790	
	1226	1108.038	321.562	
	1227	1106.429	321.107	
	1228	1107.653	318.886	
	1229	1109.029	328.533	
	1230	1117.529	337.187	
	1231	1131.898	347.652	
	1232	1149.255	358.584	
	1233	1153.712	367.375	
	1234	1168.589	370.246	
	1235	1172.109	368.725	
	1236	1176.380	367.026	
	1237	1182.550	364.666	
	1238	1183.935	362.894	
	1239	1182.409	360.672	
	1240	1182.480	358.786	
	1241	1182.367	357.602	
	1242	1182.653	357.020	
	1243	1182.766	356.929	
	1244	1182.800	357.109	
	1245	1182.693	358.501	
	1246	1172.536	366.107	
	1247	1175.439	377.534	
	1248	1165.579	397.004	
	1249	1155.828	413.438	
	1250	1146.284	421.607	
	1251	1135.927	420.916	
	1252	1127.403	420.888	
	1253	1123.676	420.146	
	1254	1122.710	419.487	
	1255	1124.445	413.566	
	1256	1123.531	412.501	
	1257	1123.885	411.033	
	1258	1125.259	389.680	
	1259	1127.744	375.451	
	1260	1125.631	354.709	
	1261	1122.370	354.412	
	1262	1121.793	354.133	
	1263	1122.714	354.439	
	1264	1123.255	354.762	
	1265	1123.291	354.899	
	1266	1123.818	354.914	
	1267	1125.134	374.771	
	1268	1114.859	373.994	
	1269	1131.319	375.355	
	1270	1142.413	374.903	
	1271	1146.259	374.604	
	1272	1145.873	373.968	
	1273	1143.388	373.541	
	1274	1140.582	373.774	
	1275	1139.461	373.790	
	1276	1140.045	373.250	
	1277	1142.627	370.938	
	1278	1145.562	367.101	
	1279	1149.017	363.476	
	1280	1153.297	361.507	
	1281	1157.002	363.245	
	1282	1160.625	366.523	
	1283	1162.249	368.908	
	1284	1161.525	370.071	
	1285	1160.185	370.160	
	1286	1159.638	369.783	
	1287	1159.591	369.123	
	1288	1159.854	368.072	
	1289	1159.744	366.696	
	1290	1158.189	364.422	
	1291	1155.639	360.647	
	1292	1152.633	356.414	
	1293	1149.895	352.521	
	1294	1147.825	349.669	
	1295	1146.463	348.397	
	1296	1146.345	348.298	
	1297	1147.826	349.485	
	1298	1151.351	351.738	
	1299	1155.212	353.615	
	1300	1159.133	354.358	
	1301	1162.777	354.089	
	1302	1389.699	323.846	
	1303	1389.699	323.846	
	1304	1389.699	323.846	
	1305	1389.699	323.846	
	1306	1389.699	323.846	
	1307	1389.699	323.846	
	1308	1389.699	323.846	
	1309	1389.699	323.846	
	1310	1389.699	323.846	
	1311	1389.699	323.846	
	1312	1389.699	323.846	
	1313	1389.699	323.846	
	1314	1389.699	323.846	
	1315	1389.699	323.846	
	1316	1389.699	323.846	
	1317	1389.699	323.846	
	1318	1389.699	323.846	
	1319	1389.699	323.846	
	1320	1389.699	323.846	
	1321	1389.699	323.846	
	1322	1389.699	323.846	
	1323	1389.699	323.846	
	1324	1389.699	323.846	
	1325	1389.699	323.846	
	1326	1389.699	323.846	
	1327	1389.699	323.846	
	1328	1389.699	323.846	
	1329	1389.699	323.846	
	1330	1389.699	323.846	
	1331	1389.699	323.846	
	1332	1389.699	323.846	
	1333	1389.699	323.846	
	1334	1389.699	323.846	
	1335	1389.699	323.846	
	1336	1389.699	323.846	
	1337	1389.699	323.846	
	1338	1389.699	323.846	
	1339	1389.699	323.846	
	1340	1389.699	323.846	
	1341	1389.699	323.846	
	1342	1389.699	323.846	
	1343	1389.699	323.846	
	1344	1389.699	323.846	
	1345	1389.699	323.846	
	1346	1389.699	323.846	
	1347	1389.699	323.846	
	1348	1389.699	323.846	
	1349	1389.699	323.846	
	1350	1389.699	323.846	
	1351	1389.699	323.846	
	1352	1389.699	323.846	
	1353	1389.699	323.846	
	1354	1389.699	323.846	
	1355	1389.699	323.846	
	1356	1389.699	323.846	
	1357	1389.699	323.846	
	1358	1389.699	323.846	
	1359	1389.699	323.846	
	1360	1389.699	323.846	
	1361	1389.699	323.846	
	1362	1389.699	323.846	
	1363	1389.699	323.846	
	1364	1389.699	323.846	
	1365	1389.699	323.846	
	1366	1389.699	323.846	
	1367	1389.699	323.846	
	1368	1389.699	323.846	
	1369	1389.699	323.846	
	1370	1389.699	323.846	
	1371	1389.699	323.846	
	1372	1389.699	323.846	
	1373	1389.699	323.846	
	1374	1389.699	323.846	
	1375	1389.699	323.846	
	1376	1389.699	323.846	
	1377	1389.699	323.846	
	1378	1389.699	323.846	
	1379	1389.699	323.846	
	1380	1389.699	323.846	
	1381	1389.699	323.846	
	1382	1389.699	323.846	
	1383	1389.699	323.846	
	1384	1389.699	323.846	
	1385	1389.699	323.846	
	1386	1389.699	323.846	
	1387	1389.699	323.846	
	1388	1389.699	323.846	
	1389	1389.699	323.846	
	1390	1389.699	323.846	
	1391	1389.699	323.846	
	1392	1389.699	323.846	
	1393	1389.699	323.846	
	1394	1389.699	323.846	
	1395	1389.699	323.846	
	1396	1389.699	323.846	
	1397	1389.699	323.846	
	1398	1389.699	323.846	
	1399	1389.699	323.846	
	1400	1389.699	323.846	
	1401	1389.699	323.846	
	1402	1389.699	323.846	
	1403	1389.699	323.846	
	1404	1389.699	323.846	
	1405	1389.699	323.846	
	1406	1389.699	323.846	
	1407	1389.699	323.846	
	1408	1389.699	323.846	
	1409	1389.699	323.846	
	1410	1389.699	323.846	
	1411	1389.699	323.846	
	1412	1389.699	323.846	
	1413	1389.699	323.846	
	1414	1389.699	323.846	
	1415	1389.699	323.846	
	1416	1389.699	323.846	
	1417	1389.699	323.846	
	1418	1389.699	323.846	
	1419	1389.699	323.846	
	1420	1389.699	323.846	
	1421	1389.699	323.846	
	1422	1389.699	323.846	
	1423	1389.699	323.846	
	1424	1389.699	323.846	
	1425	1389.699	323.846	
	1426	1389.699	323.846	
	1427	1389.699	323.846	
	1428	1389.699	323.846	
	1429	1389.699	323.846	
	1430	1389.699	323.846	
	1431	1389.699	323.846	
	1432	1389.699	323.846	
	1433	1389.699	323.846	
	1434	1389.699	323.846	
	1435	1389.699	323.846	
	1436	1389.699	323.846	
	1437	1389.699	323.846	
	1438	1389.699	323.846	
	1439	1389.699	323.846	
	1440	1389.699	323.846	
	1441	1389.699	323.846	
	1442	1389.699	323.846	
	1443	1389.699	323.846	
	1444	1389.699	323.846	
	1445	1389.699	323.846	
	1446	1389.699	323.846	
	1447	1389.699	323.846	
	1448	1389.699	323.846	
	1449	1389.699	323.846	
	1450	1389.699	323.846	
	1451	1389.699	323.846	
	1452	1389.699	323.846	
	1453	1389.699	323.846	
	1454	1389.699	323.846	
	1455	1389.699	323.846	
	1456	1389.699	323.846	
	1457	1389.699	323.846	
	1458	1389.699	323.846	
	1459	1389.699	323.846	
	1460	1389.699	323.846	
	1461	1389.699	323.846	
	1462	1389.699	323.846	
	1463	1389.699	323.846	
	1464	1389.699	323.846	
	1465	1389.699	323.846	
	1466	1389.699	323.846	
	1467	1389.699	323.846	
	1468	1389.699	323.846	
	1469	1389.699	323.846	
	1470	1389.699	323.846	
	1471	1389.699	323.846	
	1472	1389.699	323.846	
	1473	1389.699	323.846	
	1474	1389.699	323.846	
	1475	1389.699	323.846	
	1476	1389.699	323.846	
	1477	1389.699	323.846	
	1478	1389.699	323.846	
	1479	1389.699	323.846	
	1480	1389.699	323.846	
	1481	1389.699	323.846	
	1482	1389.699	323.846	
	1483	1389.699	323.846	
	1484	1389.699	323.846	
	1485	1389.699	323.846	
	1486	1389.699	323.846	
	1487	1389.699	323.846	
	1488	1389.699	323.846	
	1489	1389.699	323.846	
	1490	1389.699	323.846	
	1491	1389.699	323.846	
	1492	1389.699	323.846	
	1493	1389.699	323.846	
	1494	1389.699	323.846	
	1495	1389.699	323.846	
	1496	1389.699	323.846	
	1497	1389.699	323.846	
	1498	1389.699	323.846	
	1499	1389.699	323.846	
	1500	1389.699	323.846	
	1501	1389.699	323.846	
	1502	1389.699	323.846	
	1503	1389.699	323.846	
	1504	1389.699	323.846	
	1505	1389.699	323.846	
	1506	1389.699	323.846	
	1507	1389.699	323.846	
	1508	1389.699	323.846	
	1509	1389.699	323.846	
	1510	1389.699	323.846	
	1511	1389.699	323.846	
	1512	1389.699	323.846	
	1513	1389.699	323.846	
	1514	1389.699	323.846	
	1515	1389.699	323.846	
	1516	1389.699	323.846	
	1517	1389.699	323.846	
	1518	1389.699	323.846	
	1519	1389.699	323.846	
	1520	1389.699	323.846	
	1521	1389.699	323.846	
	1522	1389.699	323.846	
	1523	1389.699	323.846	
	1524	1389.699	323.846	
	1525	1389.699	323.846	
	1526	1389.699	323.846	
	1527	1389.699	323.846	
	1528	1389.699	323.846	
	1529	1389.699	323.846	
	1530	1389.699	323.846	
	1531	1389.699	323.846	
	1532	1389.699	323.846	
	1533	1389.699	323.846	
	1534	1389.699	323.846	
	1535	1389.699	323.846	
	1536	1389.699	323.846	
	1537	1389.699	323.846	
	1538	1389.699	323.846	
	1539	1389.699	323.846	
	1540	1389.699	323.846	
	1541	1389.699	323.846	
	1542	1389.699	323.846	
	1543	1389.699	323.846	
	1544	1389.699	323.846	
	1545	1389.699	323.846	
	1546	1389.699	323.846	
	1547	1389.699	323.846	
	1548	1389.699	323.846	
	1549	1389.699	323.846	
	1550	1389.699	323.846	
	1551	1389.699	323.846	
	1552	1389.699	323.846	
	1553	1389.699	323.846	
	1554	1389.699	323.846	
	1555	1389.699	323.846	
	1556	1389.699	323.846	
	1557	1389.699	323.846	
	1558	1389.699	323.846	
	1559	1389.699	323.846	
	1560	1389.699	323.846	
	1561	1389.699	323.846	
	1562	1389.699	323.846	
	1563	1389.699	323.846	
	1564	1389.699	323.846	
	1565	1389.699	323.846	
	1566	1389.699	323.846	
	1567	1389.699	323.846	
	1568	1389.699	323.846	
	1569	1389.699	323.846	
	1570	1389.699	323.846	
	1571	1389.699	323.846	
	1572	1389.699	323.846	
	1573	1389.699	323.846	
	1574	1389.699	323.846	
	1575	1389.699	323.846	
	1576	1389.699	323.846	
	1577	1389.699	323.846	
	1578	1389.699	323.846	
	1579	1389.699	323.846	
	1580	1389.699	323.846	
	1581	1389.699	323.846	
	1582	1389.699	323.846	
	1583	1389.699	323.846	
	1584	1389.699	323.846	
	1585	1389.699	323.846	
	1586	1389.699	323.846	
	1587	1389.699	323.846	
	1588	1389.699	323.846	
	1589	1389.699	323.846	
	1590	1389.699	323.846	
	1591	1389.699	323.846	
	1592	1389.699	323.846	
	1593	1389.699	323.846	
	1594	1389.699	323.846	
	1595	1389.699	323.846	
	1596	1389.699	323.846	
	1597	1389.699	323.846	
	1598	1389.699	323.846	
	1599	1389.699	323.846	
	1600	1389.699	323.846	
	1601	1389.699	323.846	
	1602	1389.699	323.846	
	1603	1389.699	323.846	
	1604	1389.699	323.846	
	1605	1389.699	323.846	
	1606	1389.699	323.846	
	1607	1389.699	323.846	
	1608	1389.699	323.846	
	1609	1389.699	323.846	
	1610	1389.699	323.846	
	1611	1389.699	323.846	
	1612	1389.699	323.846	
	1613	1389.699	323.846	
	1614	1389.699	323.846	
	1615	1389.699	323.846	
	1616	1389.699	323.846	
	1617	1389.699	323.846	
	1618	1389.699	323.846	
	1619	1389.699	323.846	
	1620	1389.699	323.846	
	1621	1389.699	323.846	
	1622	1389.699	323.846	
	1623	1389.699	323.846	
	1624	1389.699	323.846	
	1625	1389.699	323.846	
	1626	1389.699	323.846	
	1627	1389.699	323.846	
	1628	1389.699	323.846	
	1629	1389.699	323.846	
	1630	1389.699	323.846	
	1631	1389.699	323.846	
	1632	1389.699	323.846	
	1633	1389.699	323.846	
	1634	1389.699	323.846	
	1635	1389.699	323.846	
	1636	1389.699	323.846	
	1637	1389.699	323.846	
	1638	1389.699	323.846	
	1639	1389.699	323.846	
	1640	1389.699	323.846	
	1641	1389.699	323.846	
	1642	1389.699	323.846	
	1643	1389.699	323.846	
	1644	1389.699	323.846	
	1645	1389.699	323.846	
	1646	1389.699	323.846	
	1647	1389.699	323.846	
	1648	1389.699	323.846	
	1649	1389.699	323.846	
	1650	1389.699	323.846	
	1651	1389.699	323.846	
	1652	1389.699	323.846	
	1653	1389.699	323.846	
	1654	1389.699	323.846	
	1655	1389.699	323.846	
	1656	1389.699	323.846	
	1657	1389.699	323.846	
	1658	1389.699	323.846	
	1659	1389.699	323.846	
	1660	1389.699	323.846	
	1661	1389.699	323.846	
	1662	1389.699	323.846	
	1663	1389.699	323.846	


End of Keyframe Data

