Adobe After Effects 8.0 Keyframe Data

	Units Per Second	29.97
	Source Width	1920
	Source Height	1080
	Source Pixel Aspect Ratio	1
	Comp Pixel Aspect Ratio	1

Motion Trackers	Tracker #1	Track Point #1	Feature Center
	Frame	X pixels	Y pixels	
	0	858	203	
	1	863.32	209.949	
	2	868.777	219.367	
	3	873.773	230.297	
	4	878.207	241.5	
	5	881.375	250.23	
	6	883.73	254.535	
	7	886.312	256.5	
	8	887.574	255.566	
	9	889.598	253.57	
	10	891.66	251.562	
	11	894.633	250.48	
	12	898.551	250.445	
	13	903.379	251.398	
	14	908.441	251.52	
	15	912.5	251.543	
	16	917.391	250.402	
	17	922.5	246.559	
	18	926.586	244.461	
	19	930.562	243.488	
	20	934.5	245.496	
	21	938.605	250.586	
	22	943.645	258.453	
	23	949.441	267.543	
	24	955.75	275.484	
	25	964.281	279.535	
	26	973.688	280.434	
	27	986.508	276.426	
	28	1000.5	269.453	
	29	1014.5	261.469	
	30	1028.48	254.594	
	31	1043.5	251.391	
	32	1061.43	250.598	
	33	1079.56	253.398	
	34	1096.64	255.496	
	35	1111.66	256.5	
	36	1123.39	257.574	
	37	1133.38	257.5	
	38	1141.64	255.688	
	39	1150.41	253.277	
	40	1159.59	249.562	
	41	1168.09	246.191	
	42	1176.39	243.047	
	43	1185.27	240.273	
	44	1194.2	240.129	
	45	1203.05	242.145	
	46	1211.94	247.113	
	47	1222.23	255.16	
	48	1233.04	261.062	
	49	1242.12	263.941	
	50	1248.21	264.938	
	51	1253.14	262.109	
	52	1256.18	259.09	
	53	1259.15	255.098	
	54	1261.95	253.223	
	55	1263.93	252.168	
	56	1265.23	253.062	
	57	1267.05	253.051	
	58	1268.19	251.113	
	59	1269.13	250.031	
	60	1269.22	248.145	
	61	1269.26	246.91	
	62	1269.24	246.02	
	63	1269.12	246.133	
	64	1268.96	247.094	
	65	1268.01	248.227	
	66	1267.15	250.184	
	67	1266.94	252.164	
	68	1265.95	253.988	
	69	1265.09	253.977	
	70	1265.09	252.977	
	71	1265.95	252.004	
	72	1266.13	250.984	
	73	1266.95	250.125	
	74	1267.12	249.062	
	75	1268.03	247.922	
	76	1268.24	246.105	
	77	1268.97	243.973	
	78	1269	241.016	
	79	1268.15	237.105	
	80	1268.18	236.168	
	81	1268.14	238.117	
	82	1267.1	241.156	
	83	1264.96	245.062	
	84	1255.03	249.02	
	85	1248.64	252.77	
	86	1240.7	255.406	
	87	1231.26	255.605	
	88	1221.33	253.684	
	89	1210.73	249.52	
	90	1198.68	244.277	
	91	1186.53	238.699	
	92	1171.61	234.66	
	93	1156.74	232.598	
	94	1142.51	231.59	
	95	1127.75	233.527	
	96	1115.49	235.609	
	97	1102.46	237.57	
	98	1092.34	240.555	
	99	1081.48	244.441	
	100	1072.36	245.523	
	101	1061.52	245.605	
	102	1051.46	243.594	
	103	1039.57	240.461	
	104	1028.35	234.547	
	105	1015.52	230.5	
	106	1003.57	224.516	
	107	991.574	221.52	
	108	979.602	219.562	
	109	968.594	220.574	
	110	955.531	225.449	
	111	941.668	228.578	
	112	929.594	231.648	
	113	917.625	232.434	
	114	905.602	230.547	
	115	894.59	227.586	
	116	882.555	221.613	
	117	871.406	217.496	
	118	858.668	212.602	
	119	846.52	210.473	
	120	834.453	210.488	
	121	821.598	210.535	
	122	808.551	214.484	
	123	796.57	216.59	
	124	785.562	216.594	
	125	775.453	216.504	
	126	765.773	214.531	
	127	757.359	213.441	
	128	749.883	212.754	
	129	743.648	212.801	
	130	737.719	214.738	
	131	731.973	218.152	
	132	726.68	224.773	
	133	721.637	230.891	
	134	709.25	246.82	
	135	728.637	257.43	
	136	712.148	255.414	
	137	709.289	261.402	
	138	706.164	265.434	
	139	703.215	269.324	
	140	701.195	273.348	
	141	698.16	277.473	
	142	696.16	282.477	
	143	694.137	287.441	
	144	691.145	291.465	
	145	687.18	294.406	
	146	683.121	296.391	
	147	678.18	297.426	
	148	674.047	298.32	
	149	670.074	298.391	
	150	665.273	298.422	
	151	662.641	298.301	
	152	659.414	297.695	
	153	656.418	296.676	
	154	653.492	295.598	
	155	649.941	294.035	
	156	647.016	292.297	
	157	644.633	290.891	
	158	642.656	289.57	
	159	640.949	288.203	
	160	639.855	287.609	
	161	639.66	287.055	
	162	639.648	287.07	
	163	639.828	287.789	
	164	640.059	288.816	
	165	640.887	289.801	
	166	641.773	290.203	
	167	641.969	290.766	
	168	641.973	290.762	
	169	641.887	290.141	
	170	641.629	289.797	
	171	640.922	288.965	
	172	640.594	288.234	
	173	639.922	287.988	
	174	639.684	287.762	
	175	639.641	287.773	
	176	639.645	287.941	
	177	639.773	288.707	
	178	639.938	289.133	
	179	640.547	290.051	
	180	640.629	290.867	
	181	640.637	290.922	
	182	640.613	290.855	
	183	640.07	290.777	
	184	640.086	290.75	
	185	640.652	290.762	
	186	641.559	291.055	
	187	642.965	292.105	
	188	645.773	293.938	
	189	649.715	296.223	
	190	654.602	299.039	
	191	659.789	302.801	
	192	664.758	304.023	
	193	670.891	305.891	
	194	677.113	307.551	
	195	683.445	307.656	
	196	689.508	306.672	
	197	695.543	304.645	
	198	701.48	301.426	
	199	706.598	297.375	
	200	711.605	292.23	
	201	716.273	286.172	
	202	721.211	279.418	
	203	725.285	272.633	
	204	729.238	266.242	
	205	732.461	260.512	
	206	735.363	255.301	
	207	738.406	250.703	
	208	740.504	247.176	
	209	742.504	243.695	
	210	745.27	240.613	
	211	747.297	237.32	
	212	749.391	233.16	
	213	751.43	228.328	
	214	752.523	224.301	
	215	755.391	221.371	
	216	757.391	220.383	
	217	759.891	222.016	
	218	763.301	224.758	
	219	766.926	227.863	
	220	771.035	230.867	
	221	775.797	233.855	
	222	781.031	236.957	
	223	786.891	240.121	
	224	792.992	243.801	
	225	799.742	247.719	
	226	806.891	251.773	
	227	813.727	256.844	
	228	820.688	262.793	
	229	826	269.719	
	230	830.891	277.816	
	231	834.992	285.75	
	232	836.926	292.777	
	233	837.891	297.742	
	234	836.941	301.871	
	235	836.883	305.004	
	236	835.891	308.91	
	237	835.891	312.809	
	238	834.949	316.883	
	239	833.914	320.777	
	240	833.797	325.363	
	241	833.77	329.984	
	242	834.367	333.074	
	243	835.504	335.273	
	244	837.453	337.113	
	245	840.133	336.93	
	246	843.07	335.574	
	247	845.754	335.191	
	248	848.457	335.078	
	249	851.176	336.086	
	250	853.785	338.418	
	251	856.48	342.18	
	252	859.309	346.289	
	253	861.684	352.473	
	254	863.676	359.953	
	255	864.746	368.789	
	256	864.938	378.77	
	257	865.578	391.113	
	258	865.605	404.109	
	259	865.469	418.227	
	260	864.668	431.422	
	261	864.199	445	
	262	862.754	457.473	
	263	861.562	470.113	
	264	859.977	481.414	
	265	858.172	491.688	
	266	856.996	500.758	
	267	855.996	507.812	
	268	855	512.668	
	269	854.406	515.582	
	270	854.242	516.812	
	271	854.301	517.484	
	272	854.84	517.535	
	273	855.297	517.602	
	274	856.805	518.477	
	275	858.082	519.613	
	276	860.012	522.703	
	277	860.961	525.742	
	278	862.148	528.625	
	279	863.895	531.504	
	280	864.996	533.746	
	281	866.113	537.504	
	282	867.16	541.555	
	283	869.012	545.754	
	284	870.184	549.484	
	285	871.172	549.629	
	286	871.918	548.66	
	287	871.926	547.613	
	288	871.008	547.465	
	289	869.926	546.691	
	290	869.086	547.551	
	291	868.867	548.57	
	292	868.188	548.613	
	293	867.883	547.688	
	294	867.062	546.672	
	295	866.953	546.551	
	296	866.938	546.555	
	297	867.066	546.676	
	298	867.117	545.723	


End of Keyframe Data
